[-0.68207952  1.3531808   1.05925837 -0.64231104 -0.72321484],[-1.19984467  1.02170172  0.87442569 -0.66964175  0.05853403],[-0.88411072  0.81651713  0.93710467 -0.84788666 -0.01366698],[-0.59396741  0.64928834  0.88674664 -0.96017242 -0.40692269],[ 0.02186959 -0.08179751 -0.0654108  -0.06008548  0.18460794],[-1.54480535  1.22023947  1.00417883 -0.69629224 -0.16861815],[-1.17428351  1.01206861  1.01389774 -0.80348579  0.22275343],[ 0.16645941 -0.2224731  -0.17206167  0.16883874  0.01926713],[-0.5763404   0.5314271   0.54418025 -0.47987777  0.41236122],[-1.09759144  0.89469548  0.89548431 -0.81560885  0.2637983 ],[-0.56833377  0.53754831  0.63059232 -0.31225412  0.36154063],[-1.25520511  0.91610271  1.53550692 -0.87579231 -0.29120119],[-0.1125954   0.24223755  0.33905856 -0.19482285 -0.25020668],[-0.5064753   1.10240649  1.08026856 -0.95884392  0.01762441],[ 0.16113517  1.49198802  1.50384873 -0.42427038 -0.04614246],[ 0.16113517  1.49198802  1.50384873 -0.42427038 -0.04614246],[-0.93284363  0.9850147   1.44662501 -0.68551588 -0.55569254],[-0.74501655  0.32287783  1.27376152 -0.87647343 -0.86370614],[-0.58654392  0.53941427  0.4868148   0.09649093  0.08397301],[-0.23716847  0.31554694  0.25756404 -0.37094674  0.24590708],[-0.18621689  0.10751215  0.31373293 -0.34208991 -0.15827535],
[-0.68207952  1.3531808   1.05925837 -0.64231104 -0.72321484],[-0.24009062 -0.04306873  0.0475279  -0.02735841  0.36637614],[ 0.02776456 -0.24656989 -0.33614288  0.14017647  0.26146096],[ 0.25579988 -0.18816841 -0.19362454  0.04464797  0.10877006],[-0.23887654  0.61462266  0.36941427 -0.27906943  0.11545322],[ 0.08435215 -0.13770811 -0.19402391 -0.04819646  0.13620366],[-0.60440056  0.70930311  0.58329672 -0.4374873  -0.06562801],[-0.68207952  1.3531808   1.05925837 -0.64231104 -0.72321484],[-0.96864314  0.89028819  0.97880238 -0.49605316  0.27271347],[-0.91641766  0.74038107  0.94440325 -0.59819445  0.26975208],[-2.04751672  1.71801762  1.20946805 -0.93483104  0.38531398],[-0.9256335   0.99013505  0.88176956 -0.68692905 -0.01871605],[-0.23887654  0.61462266  0.36941427 -0.27906943  0.11545322],[-0.46380507  0.1335832   0.19961358 -0.16262287  0.12708017],[-0.30573312  0.22639027  0.29586821 -0.32284287  0.34826045],[-0.54055539  0.44586275  0.59384975 -0.38991121  0.17858171],[-2.04751672  1.71801762  1.20946805 -0.93483104  0.38531398],[-0.88270783  0.73903283  0.61267746 -0.336672    0.28754641],[-1.09556823  1.24902986  1.3253876  -0.15389941 -0.17324251],[-0.55019239  0.63036883  0.93625818 -0.64393638 -0.58443024],[-1.01900792  0.66569285  1.05187478 -0.90441453  0.31856904],
[-0.68207952  1.3531808   1.05925837 -0.64231104 -0.72321484],[-0.76022325  0.7900503   0.56347516  0.02709035 -0.50886674],[-0.53939124  0.6864126   0.30010433 -1.27972845 -0.26924132],[-1.28350078  1.42523027  1.26886931  0.21201402  0.26241376],[-1.08158279  1.10442758  1.09866697 -0.58197018 -0.7977399 ],[-0.63472518  0.48018502  0.33164975 -0.35573959 -0.29451883],[-1.16278109  0.97728678  0.60335906 -0.90051368 -0.24037257],[-0.90983858  0.74263981  0.81542127 -0.79848318 -0.05736563],[-1.08158279  1.10442758  1.09866697 -0.58197018 -0.7977399 ],[-1.16229446  1.36693438  1.24413919 -0.68750604 -0.39729198],[-1.08158279  1.10442758  1.09866697 -0.58197018 -0.7977399 ],[-1.16626855  0.88064524  0.98765323 -0.99446284  0.10373451],[-0.80247326  0.52362741  0.58193048 -0.16148519 -0.26176754],[-2.04751672  1.71801762  1.20946805 -0.93483104  0.38531398],[-1.19339973  1.25061609  0.99534928 -0.75937537 -0.35850562],[-1.13331915  0.73243378  0.75784423 -1.34151511 -0.05750437],[-0.99372192  0.80322829  0.65254915 -1.50713767 -0.13701277],[-0.68071064  0.87857025  0.79029101 -0.42573745 -0.5839672 ],
[-0.68207952  1.3531808   1.05925837 -0.64231104 -0.72321484],[-0.99372192  0.80322829  0.65254915 -1.50713767 -0.13701277],[-0.68071064  0.87857025  0.79029101 -0.42573745 -0.5839672 ],[-1.15057356  1.14725416  1.39455363 -0.75570497 -0.3007833 ],[-0.30795812  0.6146714   0.62125367 -0.44824107  0.93832164],[-0.80006537  0.41469544  0.48749384 -0.44476853  0.78275642],[-0.59807952  0.45828201  0.52767033 -0.6608803  -0.0983809 ],[-0.950712    1.23951131  1.19696181 -0.50119875 -0.04250465],[-0.78908033  0.9454216   0.78651408 -0.35406456 -0.19203711],[-0.68207952  1.3531808   1.05925837 -0.64231104 -0.72321484],[-1.01900792  0.66569285  1.05187478 -0.90441453  0.31856904],[-1.09556823  1.24902986  1.3253876  -0.15389941 -0.17324251],[-0.55019239  0.63036883  0.93625818 -0.64393638 -0.58443024],[-1.05294289  1.08800818  1.14232791 -0.08689463  0.29435892],[-1.21888746  1.06260392  1.27289556 -0.07610832  0.04496997],[-1.24411854  0.84753499  0.97381469 -1.06681624  0.39335366],[-0.97981078  0.86021054  0.95080808 -0.05248773  0.3370341 ],[-0.32093451  0.27003956  0.38978566 -0.00929105  0.30557581],[-0.06710437 -0.081312   -0.03082706  0.12941887  0.41243166],
[-0.47875554  1.35935282  0.96251368 -0.49995419 -0.61311664],[-0.00580966 -0.18753885 -0.14038026  0.04222109 -0.07969465],[-0.24205053  0.59363731  0.679576   -0.27709376  0.0987467 ],[-0.67193252  0.84647578  1.11439093 -0.87401841 -0.61623269],[ 0.18230225 -0.20273047 -0.11311109  0.0347121   0.36948126],[-1.03401625  0.81050394  1.19196739 -1.08788681 -0.22115396],[-0.9804715   0.85356861  0.94234803 -1.0582823   0.37729452],[-0.34697582  0.49218735  0.49438323 -0.7409243   0.08625162],[-1.82196495  1.57457914  1.09322331 -0.22361443  0.01767285],[-0.93324874  0.72764347  1.0146489  -0.09810145 -0.14635157],[-0.68884776  0.70208048  0.79896554 -0.37260845  0.1297506 ],[-0.19962377  0.2023235   0.2386854   0.10288553 -0.13412594],[-0.93466731  0.88276269  0.97944598 -0.65907845 -0.48610195],[-0.04822047 -0.17892729 -0.30629377  0.2043108   0.12357603],[-0.67193252  0.84647578  1.11439093 -0.87401841 -0.61623269],[-0.47875554  1.35935282  0.96251368 -0.49995419 -0.61311664],[-0.68323577  0.8636815   0.9987376  -0.9086316  -0.21390427],[-0.17608623  0.17427646  0.0353338   0.24637222 -0.28453545],[-0.17608623  0.17427646  0.0353338   0.24637222 -0.28453545],[-1.03401625  0.81050394  1.19196739 -1.08788681 -0.22115396],[-1.08517005  1.13883845  1.07407424 -0.96062737  0.29340218],
[-0.47875554  1.35935282  0.96251368 -0.49995419 -0.61311664],[-0.25436029  0.66273716  0.56221541 -0.64349715  0.82565457],[-1.15109805  0.92828167  1.42269623 -0.86098402 -0.33210012],[-1.02738672  1.10363574  1.13913913 -0.76224889  0.03378762],[-0.18053498  0.06040649  0.34357201 -0.15892195  0.15499528],[-0.33112777  0.32611771  0.29076677 -0.36724451  0.58279826],[-0.73790137  0.90938814  1.06661741 -1.20413901 -0.33097238],[-0.46783013  0.32438993  0.38156673 -0.33494225  0.00638477],[-1.54480535  1.22023947  1.00417883 -0.69629224 -0.16861815],[-0.64612017  0.19398892  0.31998613 -0.43157128  0.12608555],[-0.14916918  0.51711344  0.51460859  0.13465405  0.6433691 ],[-0.54450817  0.70091215  0.89461326 -0.50701472 -0.16119325],[-1.04050584  1.20037238  1.49476491 -0.82981497 -0.15779266],[-0.77489344  0.56286627  0.79912699 -0.45203596  0.66690043],[-1.04570571  0.6266518   0.78261511 -0.79751897  0.01300241],[-0.78510816  0.6158552   0.82514064 -0.14263011 -0.12741244],[-1.00681189  0.70844034  0.81155011 -0.72236655  0.01438553],[-1.00588214  0.72622637  0.88708537 -0.86063833 -0.10639417],[-0.49595518  0.99095477  1.10339905 -0.1410612   0.54067978],[-0.73028994  0.80470764  0.74652153 -0.54071059 -0.11235097],[-0.74617886  0.47883968  0.4165029   0.05543814  0.19680393],
[-0.47875554  1.35935282  0.96251368 -0.49995419 -0.61311664],[-2.04751672  1.71801762  1.20946805 -0.93483104  0.38531398],[-1.01205081  0.70325591  1.24848629 -0.73990127 -0.80652436],[-0.40227811  0.09316591  0.38042544 -0.27203487 -0.58605455],[-0.57325265  0.82791376  0.76537344 -1.08632533 -0.34986923],[-1.15109805  0.92828167  1.42269623 -0.86098402 -0.33210012],[-0.110955   -0.13601682 -0.05994171  0.30880022  0.01734132],[-0.28413713  0.19163052  0.20605316  0.12417938 -0.33553649],[-1.13353636  1.10299721  1.12262376 -1.10465346  0.22011729],[-1.46238879  0.97479597  1.15998168 -1.04015487  0.24021222],[-1.08158279  1.10442758  1.09866697 -0.58197018 -0.7977399 ],[-0.96864314  0.89028819  0.97880238 -0.49605316  0.27271347],[-1.15057356  1.14725416  1.39455363 -0.75570497 -0.3007833 ],[-1.02194995  0.86375846  0.81286739 -0.53249106  0.24528626],[-1.16626855  0.88064524  0.98765323 -0.99446284  0.10373451],[-0.57232854  0.46200202  0.70102054 -0.68341285 -0.07603064],[-0.72009616  0.82042026  0.69530487 -1.3388643  -0.79247361],[-1.27271721  1.25500521  1.53970348 -0.69366068 -0.06329949],[-1.08158279  1.10442758  1.09866697 -0.58197018 -0.7977399 ],
[-0.47875554  1.35935282  0.96251368 -0.49995419 -0.61311664],[-1.16229446  1.36693438  1.24413919 -0.68750604 -0.39729198],[-0.7321282   0.65389383  0.54788348 -0.08475327 -0.05214514],[-1.12491377  1.12898813  1.4234739  -1.03867383 -0.04227039],[-0.82978372  0.69144658  0.52807217 -0.56652606 -0.15447505],[-0.95632612  0.55385084  0.76157137 -0.74448631 -0.39257176],[-0.82390834  0.59313429  1.1059223  -0.87660602 -0.64480027],[-1.15772781  0.93719213  1.35357023 -0.98271426 -0.54541836],[-0.01265972  0.02473571  0.00407998 -0.12524614  0.14486721],[-0.13690578 -0.11588507 -0.07555039 -0.03584357 -0.10579234],[-0.13517071  0.1387992   0.03904229 -0.15481718  0.33026466],[-0.50971161  0.51234755  0.60084109 -0.36560174 -0.16066225],[-0.99658552  1.28768453  1.39042639 -0.59630776  0.02494982],[-0.74022638  0.5561956   0.95848496  0.10828839  0.01122338],[-1.31718255  1.16483996  1.0528161  -0.61431422 -0.03842137],[-0.81545861  0.78393686  1.01399819 -0.42738392 -0.14314626],[-0.93284363  0.9850147   1.44662501 -0.68551588 -0.55569254],[-0.88411072  0.81651713  0.93710467 -0.84788666 -0.01366698],[-1.27271721  1.25500521  1.53970348 -0.69366068 -0.06329949],[-0.87848287  0.79499333  1.05225836 -0.9529113  -0.23654789],
[-0.47875554  1.35935282  0.96251368 -0.49995419 -0.61311664],[-1.27856274  1.0805693   1.16296347 -0.80354196 -0.16254826],[-0.72009616  0.82042026  0.69530487 -1.3388643  -0.79247361],[-0.5064753   1.10240649  1.08026856 -0.95884392  0.01762441],[-0.9244097   1.05877386  0.80870155 -0.69287115 -0.55769007],[-0.79327956  0.71121443  0.80082518 -0.26875619 -0.16769931],[-1.31718255  1.16483996  1.0528161  -0.61431422 -0.03842137],[-2.04751672  1.71801762  1.20946805 -0.93483104  0.38531398],[-0.53823559  0.155991    0.47603745 -0.92702691  0.15489458],[-0.51839413  0.34346744  0.1139342  -0.11560957  0.10164562],[-1.00976546  0.8823996   1.12645575 -0.66215916  0.15532296],[-1.19339973  1.25061609  0.99534928 -0.75937537 -0.35850562],[-1.46238879  0.97479597  1.15998168 -1.04015487  0.24021222],[-1.04538492  1.1296327   1.1394044  -0.54179682 -0.87807509],[-1.08158279  1.10442758  1.09866697 -0.58197018 -0.7977399 ],[-0.78570784  0.78247212  0.9929422  -1.00099047 -0.23212137],[-0.72878807  0.45104588  1.07616496 -1.16565487 -0.64915641],[ 0.27994259 -0.1587765  -0.23626954  0.07479937 -0.01259962],[-0.53022619  0.31789262  0.30305246 -0.03604564 -0.13063936],[-1.31718255  1.16483996  1.0528161  -0.61431422 -0.03842137],
[-0.47875554  1.35935282  0.96251368 -0.49995419 -0.61311664],[-0.49140578  0.14261039  0.54748951 -0.5221172  -0.8140711 ],[-0.53045624 -0.07311494  0.61824441 -0.49885272 -1.00025131],[-0.81878845  0.03135048  1.28797683 -1.04128922 -0.82710725],[-0.99500881  0.79477248  0.8328391  -0.64110991  0.08213311],[-1.11002772  0.76806657  1.10880555 -1.09703318 -0.39240707],[-0.85006004  0.63799495  1.13382215 -0.92227557 -0.22285025],[-0.78837442  0.49473385  0.61162196 -0.95904926  0.25967257],[-1.01970842  0.82211684  0.83142395 -1.2483679  -0.24490346],[-0.38933428  0.33673605  0.44341405  0.01749629 -0.0157292 ],[-0.13622657 -0.23550519 -0.05143053 -0.1742391   0.2875637 ],[-1.46238879  0.97479597  1.15998168 -1.04015487  0.24021222],[-1.15109805  0.92828167  1.42269623 -0.86098402 -0.33210012],[-0.77954234  0.34796976  0.72035374 -0.69559087  0.28797291],[-0.85006004  0.63799495  1.13382215 -0.92227557 -0.22285025],[-0.24456934  0.15538888  0.25091718 -0.16490227  0.00052936],[-0.53022619  0.31789262  0.30305246 -0.03604564 -0.13063936],[-2.04751672  1.71801762  1.20946805 -0.93483104  0.38531398],[-0.81324958  0.80747172  0.61147747 -1.02445923 -0.38537447],[-1.19339973  1.25061609  0.99534928 -0.75937537 -0.35850562],[-0.47903906  0.65486447  0.77992228 -1.33540996  0.14673952],
[-0.47875554  1.35935282  0.96251368 -0.49995419 -0.61311664],[-1.04050584  1.20037238  1.49476491 -0.82981497 -0.15779266],[-0.78510816  0.6158552   0.82514064 -0.14263011 -0.12741244],[-0.39670451  0.26727572  0.19872308 -0.22933363  0.07605253],[-0.42315707  0.55729007  0.360094   -0.15722979 -0.18456311],[-0.89668268  0.83072169  1.37139675 -1.00394321 -0.03979582],[-0.45380324  0.42182171  0.28185744  0.19234632 -0.11298879],[-1.1117438   0.71627998  0.68690083 -0.60499953  0.24889538],[ 0.03108732 -0.03374192 -0.22439329  0.05759832  0.21312323],[-1.82196495  1.57457914  1.09322331 -0.22361443  0.01767285],[ 0.00166953 -0.16720738 -0.13803447  0.37236566  0.26879721],[-1.82196495  1.57457914  1.09322331 -0.22361443  0.01767285],[-0.51831723  0.66651301  0.93666739 -0.46206144 -0.62184675],[-1.04050584  1.20037238  1.49476491 -0.82981497 -0.15779266],[-1.27271721  1.25500521  1.53970348 -0.69366068 -0.06329949],[-0.99500881  0.79477248  0.8328391  -0.64110991  0.08213311],[-1.21215487  1.15508664  1.28501755 -0.69224724  0.487001  ],[-0.9804715   0.85356861  0.94234803 -1.0582823   0.37729452],[-0.88963465  0.83090976  1.41047878 -0.8045021  -0.25320346],[-1.08158279  1.10442758  1.09866697 -0.58197018 -0.7977399 ],[-1.29710497  1.2480219   1.140592   -0.79320469 -0.19337824],
[-0.47875554  1.35935282  0.96251368 -0.49995419 -0.61311664],[-1.04050584  1.20037238  1.49476491 -0.82981497 -0.15779266],[-1.27271721  1.25500521  1.53970348 -0.69366068 -0.06329949],[-0.99500881  0.79477248  0.8328391  -0.64110991  0.08213311],[-1.21215487  1.15508664  1.28501755 -0.69224724  0.487001  ],[-0.9804715   0.85356861  0.94234803 -1.0582823   0.37729452],[-0.88963465  0.83090976  1.41047878 -0.8045021  -0.25320346],[-1.08158279  1.10442758  1.09866697 -0.58197018 -0.7977399 ],[-1.29710497  1.2480219   1.140592   -0.79320469 -0.19337824],[-1.60226579  1.26052472  1.12611818 -0.58920127 -0.86424654],[-0.0759804   0.09433402  0.13769944 -0.01189703 -0.32417171],[-1.02005832  1.19847914  0.85834829 -0.28207368 -0.54537955],[-1.82196495  1.57457914  1.09322331 -0.22361443  0.01767285],[-0.72162521  0.59696279  0.63449672 -0.12071905 -0.09348605],[-1.12491377  1.12898813  1.4234739  -1.03867383 -0.04227039],[-0.23351936  0.09328134 -0.28774813  0.20644473  0.59349864],[-0.33896566  0.27415995 -0.10059289 -0.0105756   0.29450453],[-0.43957304  0.37117443  0.14550039  0.15664145  0.01796796],[-0.90671397  0.89744029  0.81688796 -0.24460205  0.11304321],[-0.93324874  0.72764347  1.0146489  -0.09810145 -0.14635157],
[-0.68071064  0.87857025  0.79029101 -0.42573745 -0.5839672 ],[-1.82196495  1.57457914  1.09322331 -0.22361443  0.01767285],[-1.32194646  1.16665854  0.86062034 -0.29221894  0.038289  ],[-0.57679301  0.32561682  0.37384133 -0.01868942 -0.19075903],[-1.20603899  1.35913179  0.86995983 -0.17806717 -0.05070253],[ 0.14799744 -0.14996558 -0.21242443  0.08085142 -0.04012455],[-0.0780248   0.06634205  0.06986233  0.38426786  0.23048691],[-0.52376202  0.35001979  0.38119313 -0.0515495   0.35688357],[-0.53902473  0.38310904  0.44232197 -0.54937013 -0.28394737],[-0.56996229  1.15413572  1.38728531 -1.11456902  0.00495353],[-0.87848287  0.79499333  1.05225836 -0.9529113  -0.23654789],[-0.93284363  0.9850147   1.44662501 -0.68551588 -0.55569254],[-1.82196495  1.57457914  1.09322331 -0.22361443  0.01767285],[-1.00025472  0.92121557  0.88278607 -0.25927029 -0.16209545],[-0.04580006 -0.05106783  0.01539312  0.10131466  0.05765966],[-0.40468857  0.49869624  0.42418311 -0.49818518  0.58980113],[-0.56996229  1.15413572  1.38728531 -1.11456902  0.00495353],[-0.87455846  0.83928747  0.71742548 -1.02414577 -0.22343456],[-0.77562071  0.7783422   1.02581977 -1.08992934 -0.13294241],[-0.89250865  0.78841037  0.7738815  -1.17618391 -0.82059984],[-1.16229446  1.36693438  1.24413919 -0.68750604 -0.39729198],
[-0.68071064  0.87857025  0.79029101 -0.42573745 -0.5839672 ],[-1.06548189  0.79591056  0.90216735 -0.76948741  0.59270541],[-0.19706351 -0.12610719 -0.03815241  0.04254389  0.48852918],[-1.82196495  1.57457914  1.09322331 -0.22361443  0.01767285],[-0.51197079  0.8506037   0.96066097 -1.62809177 -0.11966241],[-0.96344957  1.00351403  0.62214119 -1.31379336 -0.24042242],[ 0.00172625 -0.09527024 -0.07002629 -0.00511847  0.01396784],[-1.08517005  1.13883845  1.07407424 -0.96062737  0.29340218],[-1.02563458  0.86179589  0.85205474 -0.42525169 -0.05103252],[-1.04404038  0.85311627  0.93575353 -0.83864102  0.38698816],[-1.04275884  0.84557353  0.8916443  -0.62172249 -0.52210132],[-1.19094755  0.97387784  1.13301334 -1.10734105  0.10680775],[-0.81364029  1.07278176  1.19462768 -0.56969219  0.305221  ],[-1.09538731  1.18711628  1.23366859 -1.35779691 -0.03381483],[-1.01216794  1.3348943   1.07485924 -1.32823945  0.53626649],[-0.19967243  0.24087532  0.24895741  0.10564752  0.05277526],[-1.16466282  0.98855102  0.71522055  0.07044294  0.10882328],[-0.89784785  0.65002116  1.22574277 -0.89644568  0.00932335],[-0.84638309  0.27472718  0.42639312 -0.36777708 -0.61290715],
[-0.68071064  0.87857025  0.79029101 -0.42573745 -0.5839672 ],[-1.16229446  1.36693438  1.24413919 -0.68750604 -0.39729198],[-1.08158279  1.10442758  1.09866697 -0.58197018 -0.7977399 ],[-0.68207952  1.3531808   1.05925837 -0.64231104 -0.72321484],[-1.16626855  0.88064524  0.98765323 -0.99446284  0.10373451],[-0.80247326  0.52362741  0.58193048 -0.16148519 -0.26176754],[-2.04751672  1.71801762  1.20946805 -0.93483104  0.38531398],[-1.19339973  1.25061609  0.99534928 -0.75937537 -0.35850562],[-1.13331915  0.73243378  0.75784423 -1.34151511 -0.05750437],[-0.99372192  0.80322829  0.65254915 -1.50713767 -0.13701277],[-1.15057356  1.14725416  1.39455363 -0.75570497 -0.3007833 ],[-0.30795812  0.6146714   0.62125367 -0.44824107  0.93832164],[-0.80006537  0.41469544  0.48749384 -0.44476853  0.78275642],[-0.59807952  0.45828201  0.52767033 -0.6608803  -0.0983809 ],[-0.950712    1.23951131  1.19696181 -0.50119875 -0.04250465],[-0.78908033  0.9454216   0.78651408 -0.35406456 -0.19203711],[-0.68207952  1.3531808   1.05925837 -0.64231104 -0.72321484],[-0.68207952  1.3531808   1.05925837 -0.64231104 -0.72321484],[-1.01900792  0.66569285  1.05187478 -0.90441453  0.31856904],
[-0.68071064  0.87857025  0.79029101 -0.42573745 -0.5839672 ],[-1.08093565  0.94332974  1.00645318 -1.28709451  0.38582728],[-1.17428351  1.01206861  1.01389774 -0.80348579  0.22275343],[-1.46238879  0.97479597  1.15998168 -1.04015487  0.24021222],[-1.11002772  0.76806657  1.10880555 -1.09703318 -0.39240707],[-0.83542719  0.55092082  1.14470418 -0.75425739 -0.81346651],[-0.7406716   0.41295782  0.91098631 -0.64867254 -0.07501755],[-1.15057356  1.14725416  1.39455363 -0.75570497 -0.3007833 ],[-0.83542719  0.55092082  1.14470418 -0.75425739 -0.81346651],[-1.04805417  0.92587771  0.92860432 -0.38130157  0.57183557],[-0.66344988  0.94631991  1.13033971 -0.28555642  0.19752243],[-0.74501655  0.32287783  1.27376152 -0.87647343 -0.86370614],[-0.81364029  1.07278176  1.19462768 -0.56969219  0.305221  ],[-0.93806857  0.52880704  1.27696416 -0.89964378 -1.03149318],[-0.80034391  0.21656989  1.10972038 -0.85478056 -1.17745585],[-0.97776979  0.22959766  1.28067556 -0.94852252 -1.03108413],[-1.00686137  0.68265676  0.77755433 -0.65755837  0.23420435],[-1.04805417  0.92587771  0.92860432 -0.38130157  0.57183557],[-0.75614909  0.60176866  0.91375102 -0.47066491  0.1327388 ],[-0.63217346  0.2309803   0.71583643 -0.86016581 -0.0461786 ],[-1.54480535  1.22023947  1.00417883 -0.69629224 -0.16861815],
[-0.68071064  0.87857025  0.79029101 -0.42573745 -0.5839672 ],[-1.27271721  1.25500521  1.53970348 -0.69366068 -0.06329949],[-0.84353493  0.94918937  0.87823665 -0.82686998 -0.18852115],[-1.04404038  0.85311627  0.93575353 -0.83864102  0.38698816],[-0.66452075  0.3705773   0.5820263  -0.34613591 -0.02330424],[-0.96146965  0.63060658  0.8360581  -0.40463945 -0.31411114],[-1.08158279  1.10442758  1.09866697 -0.58197018 -0.7977399 ],[-1.82196495  1.57457914  1.09322331 -0.22361443  0.01767285],[-1.32194646  1.16665854  0.86062034 -0.29221894  0.038289  ],[-1.19339973  1.25061609  0.99534928 -0.75937537 -0.35850562],[-1.16466282  0.98855102  0.71522055  0.07044294  0.10882328],[-0.50971161  0.51234755  0.60084109 -0.36560174 -0.16066225],[-1.10961998  0.58052093  0.91845788 -0.85317994  0.08626309],[-1.09556823  1.24902986  1.3253876  -0.15389941 -0.17324251],[-1.11002772  0.76806657  1.10880555 -1.09703318 -0.39240707],[-1.08158279  1.10442758  1.09866697 -0.58197018 -0.7977399 ],[-0.83542719  0.55092082  1.14470418 -0.75425739 -0.81346651],[-0.93140155  0.64795032  0.87016232 -0.68287393  0.01937837],[-0.89377116  1.10973703  1.31246467 -0.64424087 -0.85498436],[-0.82730025  0.79792569  1.46651348 -0.68127848 -0.80983847],
[-0.08185949  1.16510347  0.57432826 -0.4290876  -0.38433331],[-0.18856869  1.04232256  1.15036344 -0.73489976 -0.41966628],[-0.55672209  0.34299568  0.55075578 -0.37610255 -0.57260753],[-0.82730025  0.79792569  1.46651348 -0.68127848 -0.80983847],[-1.12491377  1.12898813  1.4234739  -1.03867383 -0.04227039],[-1.16626855  0.88064524  0.98765323 -0.99446284  0.10373451],[-1.15772781  0.93719213  1.35357023 -0.98271426 -0.54541836],[-0.5719864   0.91001909  0.9373554  -0.65822812  0.14176836],[-1.54480535  1.22023947  1.00417883 -0.69629224 -0.16861815],[-0.79855241  0.58430627  0.50414437 -0.4505213   0.33688656],[-0.31274716  0.53401098  0.55635218 -0.35093614  0.772451  ],[-1.16229446  1.36693438  1.24413919 -0.68750604 -0.39729198],[-0.26421813 -0.0256631   0.13922837 -0.44750578  0.5474175 ],[-0.54259159  1.03326344  1.01837554 -0.8818983   0.25825255],[-1.54480535  1.22023947  1.00417883 -0.69629224 -0.16861815],[-0.7593904   0.92339067  1.22254136 -0.80424731  0.2956704 ],[-1.24411854  0.84753499  0.97381469 -1.06681624  0.39335366],[ 0.20816436 -0.22304954 -0.26568643  0.13751156  0.02584167],[-0.99658552  1.28768453  1.39042639 -0.59630776  0.02494982],[-1.19339973  1.25061609  0.99534928 -0.75937537 -0.35850562],
[-0.08185949  1.16510347  0.57432826 -0.4290876  -0.38433331],[-0.60186957  0.54784043  0.72823235 -1.09661764  0.22399355],[-0.36992777  0.3306793   0.22560494 -0.27654405 -0.15959731],[-1.16278109  0.97728678  0.60335906 -0.90051368 -0.24037257],[-1.27856274  1.0805693   1.16296347 -0.80354196 -0.16254826],[-0.91299918  0.4805123   0.71297497 -0.82411089  0.18807883],[-0.88411072  0.81651713  0.93710467 -0.84788666 -0.01366698],[-0.32373065  0.20016394  0.53222488 -0.07438868  0.1370886 ],[-0.56996229  1.15413572  1.38728531 -1.11456902  0.00495353],[-1.16229446  1.36693438  1.24413919 -0.68750604 -0.39729198],[-0.72162521  0.59696279  0.63449672 -0.12071905 -0.09348605],[-0.31952762  0.42676727  0.66472076 -0.75155561  0.01625634],[-0.66263974  0.84745989  0.97496095 -1.03290511 -0.25720805],[-0.10806548  0.14201608  0.28568694  0.17811156 -0.28131733],[-0.40913789  0.4689859   0.70055297 -0.46368549 -0.0656591 ],[-0.45582434  0.66796776  0.8972441  -1.28202017 -0.21803097],[-0.41182736  0.81166833  0.88394415 -1.28141661 -0.25447666],[-0.86224282  1.03830342  0.85415796 -0.5166106  -0.22205938],[-0.95821658  0.87989469  0.64143212 -0.33141277 -0.20079556],[-0.95745785  0.76181543  0.67439134 -0.4302944   0.07368182],[-0.79327956  0.71121443  0.80082518 -0.26875619 -0.16769931],
[-0.08185949  1.16510347  0.57432826 -0.4290876  -0.38433331],[-0.16599354  0.34876965  0.22326469 -0.43455866  0.2811351 ],[ 0.20404249 -0.22499192 -0.17622653  0.21210247  0.15145261],[-0.98944882  0.74447366  1.03496853 -1.16635503  0.0990062 ],[-1.01095784  0.73337629  1.13678304 -0.88421807 -0.02331986],[ 0.05411102 -0.0082895  -0.11645173 -0.08976479  0.13090643],[-1.02738672  1.10363574  1.13913913 -0.76224889  0.03378762],[-0.73790137  0.90938814  1.06661741 -1.20413901 -0.33097238],[-0.63128243  1.13148915  1.37833664 -0.18597346 -0.72185638],[-0.40961685  0.72457574  0.77738348 -0.8379638   0.43207863],[-0.37242952  0.43485028  0.78135881 -0.35011063 -0.58151122],[-0.23931533  0.30107499  0.40563448 -0.54421648  0.32163256],[-0.08185949  1.16510347  0.57432826 -0.4290876  -0.38433331],[-0.78908033  0.9454216   0.78651408 -0.35406456 -0.19203711],[-2.04751672  1.71801762  1.20946805 -0.93483104  0.38531398],[-0.99788699  1.29273618  0.63706456 -0.8942408  -0.70383662],[-1.08158279  1.10442758  1.09866697 -0.58197018 -0.7977399 ],[-0.89250865  0.78841037  0.7738815  -1.17618391 -0.82059984],[-2.04751672  1.71801762  1.20946805 -0.93483104  0.38531398],
[-0.08185949  1.16510347  0.57432826 -0.4290876  -0.38433331],[ 0.20404249 -0.22499192 -0.17622653  0.21210247  0.15145261],[-0.98944882  0.74447366  1.03496853 -1.16635503  0.0990062 ],[-1.01095784  0.73337629  1.13678304 -0.88421807 -0.02331986],[ 0.05411102 -0.0082895  -0.11645173 -0.08976479  0.13090643],[-1.02738672  1.10363574  1.13913913 -0.76224889  0.03378762],[-0.73790137  0.90938814  1.06661741 -1.20413901 -0.33097238],[-0.63128243  1.13148915  1.37833664 -0.18597346 -0.72185638],[-0.40961685  0.72457574  0.77738348 -0.8379638   0.43207863],[-0.37242952  0.43485028  0.78135881 -0.35011063 -0.58151122],[-0.23931533  0.30107499  0.40563448 -0.54421648  0.32163256],[-0.08185949  1.16510347  0.57432826 -0.4290876  -0.38433331],[-0.78908033  0.9454216   0.78651408 -0.35406456 -0.19203711],[-2.04751672  1.71801762  1.20946805 -0.93483104  0.38531398],[-0.99788699  1.29273618  0.63706456 -0.8942408  -0.70383662],[-1.08158279  1.10442758  1.09866697 -0.58197018 -0.7977399 ],[-0.89250865  0.78841037  0.7738815  -1.17618391 -0.82059984],[-2.04751672  1.71801762  1.20946805 -0.93483104  0.38531398],[-0.31072662  0.07532     0.03467737 -0.02904829  0.28283738],
[-0.08185949  1.16510347  0.57432826 -0.4290876  -0.38433331],[-2.04751672  1.71801762  1.20946805 -0.93483104  0.38531398],[-1.03401625  0.81050394  1.19196739 -1.08788681 -0.22115396],[-2.04751672  1.71801762  1.20946805 -0.93483104  0.38531398],[-0.99500881  0.79477248  0.8328391  -0.64110991  0.08213311],[-2.04751672  1.71801762  1.20946805 -0.93483104  0.38531398],[-0.78349663  0.57651045  0.33457455 -0.5741955   0.0640095 ],[-0.77685445  0.79682069  0.92886427 -0.78115922  0.45000954],[-0.96344957  1.00351403  0.62214119 -1.31379336 -0.24042242],[-1.15772781  0.93719213  1.35357023 -0.98271426 -0.54541836],[-0.70882417  0.66755492  0.39691686 -0.15784171 -0.21917682],[-0.48788161  0.37188724  0.38060771 -0.39500257  0.18174768],[-0.42817208 -0.26442623  0.12794705 -0.81348661 -0.25780372],[-0.15490262 -0.01232805 -0.1369006  -0.45339842  0.16384482],[-0.56864474  1.07852739  0.97772047 -1.19033054  0.57383947],[-2.04751672  1.71801762  1.20946805 -0.93483104  0.38531398],[-1.18129404  1.11720451  1.00300833 -0.70546932 -0.63910864],[-0.9256335   0.99013505  0.88176956 -0.68692905 -0.01871605],
[-0.08185949  1.16510347  0.57432826 -0.4290876  -0.38433331],[-0.39917287  0.58048755  0.80207144 -1.43829221 -0.43649854],[-0.69068712  0.44893161  0.62292532 -0.64638851 -0.14355083],[-0.98004457  0.52887411  1.01707379 -1.20876966 -1.28931816],[-0.42163494  0.41927917  0.31281676 -0.06332438  0.21004193],[-0.37619454  0.85071864  0.97905509 -0.80142113 -0.21007461],[-1.16229446  1.36693438  1.24413919 -0.68750604 -0.39729198],[-0.88233384  0.84221272  0.53288385 -0.12290575 -0.33171672],[-1.04538492  1.1296327   1.1394044  -0.54179682 -0.87807509],[-0.79886166  0.806785    0.57324072 -0.00524288 -0.46294158],[-0.72162521  0.59696279  0.63449672 -0.12071905 -0.09348605],[-1.14011315  0.83364822  1.21169623 -0.82525811  0.27534025],[-0.4703556   0.2632437   0.251091    0.21457585  0.32249376],[-1.60226579  1.26052472  1.12611818 -0.58920127 -0.86424654],[-1.08230036  0.88747109  0.81038107 -0.8179653  -0.76590858],[-1.31718255  1.16483996  1.0528161  -0.61431422 -0.03842137],[-0.41004572  1.03723766  0.81877941 -0.42098566 -0.27455917],[-1.08093565  0.94332974  1.00645318 -1.28709451  0.38582728],[-0.74826758  0.70650659  0.81446174 -0.65552118  0.30903535],
[-0.08185949  1.16510347  0.57432826 -0.4290876  -0.38433331],[-0.39733121  0.53731421  0.84886947 -1.35614751  0.07896403],[-0.51197079  0.8506037   0.96066097 -1.62809177 -0.11966241],[-0.56896338  0.71079744  0.89760842 -0.72395892  0.09170603],[-0.89377116  1.10973703  1.31246467 -0.64424087 -0.85498436],[-1.25520511  0.91610271  1.53550692 -0.87579231 -0.29120119],[-0.98004457  0.52887411  1.01707379 -1.20876966 -1.28931816],[-0.950712    1.23951131  1.19696181 -0.50119875 -0.04250465],[-1.0115722   0.96715841  0.94155878 -0.72562184 -0.42431498],[-0.7386286   0.6265429   0.57459254 -0.15757089 -0.05798669],[-0.57339606  0.41847804  0.39664732  0.02993755 -0.03552669],[-0.1966527   0.04305653 -0.07622036 -0.08361262 -0.0776334 ],[-1.31718255  1.16483996  1.0528161  -0.61431422 -0.03842137],[-0.57339606  0.41847804  0.39664732  0.02993755 -0.03552669],[-0.4868689   0.32916717  0.27343284  0.06921726  0.04664047],[-1.28350078  1.42523027  1.26886931  0.21201402  0.26241376],
[-0.08185949  1.16510347  0.57432826 -0.4290876  -0.38433331],[-1.02133905  0.75009924  0.73374377 -0.26194392 -0.20869194],[-1.54480535  1.22023947  1.00417883 -0.69629224 -0.16861815],[-1.0115722   0.96715841  0.94155878 -0.72562184 -0.42431498],[-0.7386286   0.6265429   0.57459254 -0.15757089 -0.05798669],[-1.21888746  1.06260392  1.27289556 -0.07610832  0.04496997],[-2.04751672  1.71801762  1.20946805 -0.93483104  0.38531398],[-1.04072752  0.84102977  1.17508688 -0.5573938  -0.81570078],[-0.82377954  0.92484429  1.06809659 -0.56621266 -0.20958467],[-1.08158279  1.10442758  1.09866697 -0.58197018 -0.7977399 ],[-1.09538731  1.18711628  1.23366859 -1.35779691 -0.03381483],[-1.01216794  1.3348943   1.07485924 -1.32823945  0.53626649],[-0.52916126  0.37383535  0.12458992 -0.76485318  0.37903402],[-0.79165735  0.73418026  0.44064457 -1.01811544 -0.2078155 ],[-1.54480535  1.22023947  1.00417883 -0.69629224 -0.16861815],[-0.55225971  0.36049364  0.2251756  -0.20368509 -0.01514268],[-0.08185949  1.16510347  0.57432826 -0.4290876  -0.38433331],[-1.11315638  0.87423451  0.9413894  -0.98628104  0.50106782],[-0.32453149  0.93197936  0.77003229 -1.07421949  1.09262398],[-0.93134056  1.20594257  0.79203702 -1.22683979  0.74754982],[-0.695223    0.64831404  0.39990995 -0.10517561 -0.10744332],
[-0.08185949  1.16510347  0.57432826 -0.4290876  -0.38433331],[-2.04751672  1.71801762  1.20946805 -0.93483104  0.38531398],[-1.04072752  0.84102977  1.17508688 -0.5573938  -0.81570078],[-0.82377954  0.92484429  1.06809659 -0.56621266 -0.20958467],[-1.08158279  1.10442758  1.09866697 -0.58197018 -0.7977399 ],[-1.09538731  1.18711628  1.23366859 -1.35779691 -0.03381483],[-1.01216794  1.3348943   1.07485924 -1.32823945  0.53626649],[-0.08185949  1.16510347  0.57432826 -0.4290876  -0.38433331],[-0.52916126  0.37383535  0.12458992 -0.76485318  0.37903402],[-0.79165735  0.73418026  0.44064457 -1.01811544 -0.2078155 ],[-1.54480535  1.22023947  1.00417883 -0.69629224 -0.16861815],[-0.55225971  0.36049364  0.2251756  -0.20368509 -0.01514268],[-1.11315638  0.87423451  0.9413894  -0.98628104  0.50106782],[-0.32453149  0.93197936  0.77003229 -1.07421949  1.09262398],[-0.93134056  1.20594257  0.79203702 -1.22683979  0.74754982],[-0.695223    0.64831404  0.39990995 -0.10517561 -0.10744332],[-0.9433812   0.63835045  0.82396539 -0.70622938 -0.55173944],[-1.27097004  0.90840125  0.82829346 -1.05562121 -0.43525418],[-0.80034391  0.21656989  1.10972038 -0.85478056 -1.17745585],[-0.97776979  0.22959766  1.28067556 -0.94852252 -1.03108413],[-0.27204721  0.14588106 -0.0463874   0.19746497 -0.21869851],
[-0.08185949  1.16510347  0.57432826 -0.4290876  -0.38433331],[-0.78386227  0.62431182  0.78194919 -1.00449148  0.63722421],[-0.71013189  0.59437032  0.60609107 -0.01443499  0.70415516],[-0.9244097   1.05877386  0.80870155 -0.69287115 -0.55769007],[-1.04570571  0.6266518   0.78261511 -0.79751897  0.01300241],[-0.60664907  0.49643744  0.52529837 -0.48521693 -0.03722611],[-1.46238879  0.97479597  1.15998168 -1.04015487  0.24021222],[-1.08158279  1.10442758  1.09866697 -0.58197018 -0.7977399 ],[-1.16229446  1.36693438  1.24413919 -0.68750604 -0.39729198],[-0.89668268  0.83072169  1.37139675 -1.00394321 -0.03979582],[-1.06548189  0.79591056  0.90216735 -0.76948741  0.59270541],[-0.09844289  0.36523719  0.27473448 -0.22651924  0.64559719],[-1.02005832  1.19847914  0.85834829 -0.28207368 -0.54537955],[ 0.12597138  0.13897444  0.08001462 -0.20491456 -0.07742337],[-1.13331915  0.73243378  0.75784423 -1.34151511 -0.05750437],[-0.99372192  0.80322829  0.65254915 -1.50713767 -0.13701277],[-0.31658348  0.39077419  0.53262513 -0.07648301 -0.57624375],[-0.26116429  0.43066393  0.43586032 -0.07924146 -0.35293359],[-0.77562071  0.7783422   1.02581977 -1.08992934 -0.13294241],[-0.67193252  0.84647578  1.11439093 -0.87401841 -0.61623269],
[-0.34112973  0.73073885  0.64515529 -0.32947747 -0.54157898],[-1.02005832  1.19847914  0.85834829 -0.28207368 -0.54537955],[-0.88963465  0.83090976  1.41047878 -0.8045021  -0.25320346],[ 0.31111653 -0.15383078 -0.17581006  0.09425122  0.00963416],[-0.68207952  1.3531808   1.05925837 -0.64231104 -0.72321484],[-0.73790137  0.90938814  1.06661741 -1.20413901 -0.33097238],[-0.50795819  0.19822212  0.4332364  -0.26906108 -1.0964449 ],[-0.65531619  0.18622605  0.71888261 -0.86325881 -0.72244745],[-0.2953196   0.07851911  0.1059203   0.12847356 -0.13611904],[-0.09081049  0.09605734  0.04571176 -0.32324137  0.49820969],[-0.55460624  0.56699496  0.30938122 -0.47718206  0.33346817],[-0.56864474  1.07852739  0.97772047 -1.19033054  0.57383947],[-0.34830177  0.48623619  0.49740636 -0.2761791  -0.32634769],[-0.22771549  0.31240385  0.32115052 -0.06612549 -0.33316025],[-1.16218862  0.91517356  1.0464928  -0.52522086 -0.08631521],[-0.81878845  0.03135048  1.28797683 -1.04128922 -0.82710725],[-0.05421182  0.35086774  0.14747223 -0.20465226 -0.14551714],[-0.37503253  0.27351539  0.30382775 -0.00541664 -0.3070916 ],[-0.07996307  1.10304842  0.59336458 -0.44086692 -0.5016997 ],[-1.12491377  1.12898813  1.4234739  -1.03867383 -0.04227039],[-0.51784496  0.82223556  0.5944155  -0.82288847  0.4370956 ],
[-0.34112973  0.73073885  0.64515529 -0.32947747 -0.54157898],[-0.92711894 -0.02963005  1.5169831  -1.12761675 -1.21731206],[-0.46861332 -0.11532148  0.78192039 -0.60804465 -0.88113877],[-1.24411854  0.84753499  0.97381469 -1.06681624  0.39335366],[-1.10123037  1.1175948   1.16344073 -0.92772921 -0.30604848],[-0.3421281   0.57705401  0.79432101 -0.93791064 -0.04641178],[-0.58876092  0.531676    0.69607198 -0.62658869 -0.40454165],[-0.37831991  0.17884168  0.27507871 -0.39906199  0.2006905 ],[-0.41666653  0.42857533  0.87483908 -0.81226987 -0.80441963],[-0.186413    0.21638034  0.4140895  -0.14463827 -0.10130013],[-0.71004635  0.90442582  1.14353757 -0.46613449 -0.93026156],[-1.15109805  0.92828167  1.42269623 -0.86098402 -0.33210012],[-0.75527437  1.20240285  1.31909639 -1.13693388  0.73107298],[-0.38803752  0.25801883  0.45964761 -0.6149478  -0.29360298],[-0.33963118  0.21975271  0.20302125 -0.07491566  0.19885843],[-0.2144451   1.3597695   0.86483497  0.66770061 -0.39312841],[-0.20197601  0.69430868  0.50249383  0.01676139  0.19137294],[ 0.18759997  0.36454835  0.32777984 -0.1165757   0.40228492],[ 0.04320755 -0.22711872 -0.14339979 -0.0992479   0.10550263],[-1.19339973  1.25061609  0.99534928 -0.75937537 -0.35850562],
[-0.34112973  0.73073885  0.64515529 -0.32947747 -0.54157898],[-0.44631422  0.41785245  0.29876692 -0.30892034  0.91209525],[-0.82390834  0.59313429  1.1059223  -0.87660602 -0.64480027],[-1.15772781  0.93719213  1.35357023 -0.98271426 -0.54541836],[-0.37619454  0.85071864  0.97905509 -0.80142113 -0.21007461],[-0.74596763  0.53504901  1.22991337 -0.54831624 -0.79378963],[-0.61612191  0.58866273  1.15840939 -0.92507905 -0.32924935],[-0.69068712  0.44893161  0.62292532 -0.64638851 -0.14355083],[-0.03857153 -0.08638522 -0.04164029  0.18035829  0.29606257],[-1.02005832  1.19847914  0.85834829 -0.28207368 -0.54537955],[-1.04404038  0.85311627  0.93575353 -0.83864102  0.38698816],[-0.61025247  0.56021594  0.82459671 -0.47808735 -0.05673937],[-1.19472865  1.18358261  1.01772077 -0.46746436 -0.4103636 ],[-0.56239157  0.52553439  0.51756284  0.01611868 -0.00223966],[-0.75276447  0.8390495   0.93145622 -0.48345001 -0.08701341],[-0.68920883  0.52236419  0.53363595 -0.47375292  0.01268408],[-1.03846756  1.0388849   0.92427386 -1.09850579  0.39751506],[-0.37206904  0.46621829  0.59411226 -0.39894721  0.13834947],[-0.18856869  1.04232256  1.15036344 -0.73489976 -0.41966628],[-0.24173321  0.31942247  0.4071864  -0.10637919 -0.23582583],[-0.38803752  0.25801883  0.45964761 -0.6149478  -0.29360298],
[-0.34112973  0.73073885  0.64515529 -0.32947747 -0.54157898],[-0.59748107  0.32462318  1.26137691 -0.86984225 -0.70686401],[-2.04751672  1.71801762  1.20946805 -0.93483104  0.38531398],[-0.69756301  0.76715154  0.86124828 -0.66836957  0.07785305],[-0.36075895  0.13804912  0.05513944 -0.13116521  0.39982117],[-0.32411581  0.1060739   0.12370526 -0.06945276 -0.21689638],[-0.98004457  0.52887411  1.01707379 -1.20876966 -1.28931816],[-0.6692489   0.62062143  1.2612535  -1.00166325 -0.3327892 ],[-0.5632796   0.14367945  0.72431385 -0.6276977  -0.66952228],[-0.61025247  0.56021594  0.82459671 -0.47808735 -0.05673937],[-0.71004635  0.90442582  1.14353757 -0.46613449 -0.93026156],[-0.37206904  0.46621829  0.59411226 -0.39894721  0.13834947],[-0.77562071  0.7783422   1.02581977 -1.08992934 -0.13294241],[-0.82390834  0.59313429  1.1059223  -0.87660602 -0.64480027],[-1.15772781  0.93719213  1.35357023 -0.98271426 -0.54541836],[-0.50096305  0.97357824  0.87312766 -1.21269546 -0.01462248],[-1.01753048  0.98792415  0.92270946 -0.70907997  0.17821859],[-0.73998059  0.59858654  0.96809543 -1.14186442 -0.23183067],[-0.29978123  0.42410788  0.46127095 -0.64385608 -0.79269095],[-0.65531619  0.18622605  0.71888261 -0.86325881 -0.72244745],
[-0.34112973  0.73073885  0.64515529 -0.32947747 -0.54157898],[-0.37206904  0.46621829  0.59411226 -0.39894721  0.13834947],[-0.34112973  0.73073885  0.64515529 -0.32947747 -0.54157898],[-0.77562071  0.7783422   1.02581977 -1.08992934 -0.13294241],[-0.82390834  0.59313429  1.1059223  -0.87660602 -0.64480027],[-1.15772781  0.93719213  1.35357023 -0.98271426 -0.54541836],[-0.50096305  0.97357824  0.87312766 -1.21269546 -0.01462248],[-1.01753048  0.98792415  0.92270946 -0.70907997  0.17821859],[-0.73998059  0.59858654  0.96809543 -1.14186442 -0.23183067],[-0.29978123  0.42410788  0.46127095 -0.64385608 -0.79269095],[-0.65531619  0.18622605  0.71888261 -0.86325881 -0.72244745],[-1.02738672  1.10363574  1.13913913 -0.76224889  0.03378762],[-0.8322327   0.45381649  0.96568622 -0.70866576 -0.50438719],[-1.46238879  0.97479597  1.15998168 -1.04015487  0.24021222],[-1.60226579  1.26052472  1.12611818 -0.58920127 -0.86424654],[-0.33907802  0.26916343  0.08607208 -0.06200701 -0.22150521],[-0.97963011  0.67906059  0.6322336  -0.18821413 -0.1304522 ],[-0.695223    0.64831404  0.39990995 -0.10517561 -0.10744332],[-2.04751672  1.71801762  1.20946805 -0.93483104  0.38531398],[-1.24411854  0.84753499  0.97381469 -1.06681624  0.39335366],
[-0.34112973  0.73073885  0.64515529 -0.32947747 -0.54157898],[-0.67572211  0.6218349   0.79044922 -1.14939546 -0.13508769],[-0.54055539  0.44586275  0.59384975 -0.38991121  0.17858171],[-0.86559456  0.83740937  0.79964905 -0.11016391  0.10225862],[-0.96136837  0.01992818  1.35754699 -1.0330749  -1.25431001],[-1.25520511  0.91610271  1.53550692 -0.87579231 -0.29120119],[-0.81937938  0.95187137  1.05889228 -1.14728865 -0.0688026 ],[-0.53217226  0.5557895   0.94169815 -1.12359587 -0.12341049],[-0.81878845  0.03135048  1.28797683 -1.04128922 -0.82710725],[-0.0859302   0.46053543  0.50663973 -1.26452071 -0.10740807],[-1.13353636  1.10299721  1.12262376 -1.10465346  0.22011729],[-0.45263119  0.30497178  0.28569572 -0.43486664  0.20309951],[-0.82390834  0.59313429  1.1059223  -0.87660602 -0.64480027],[-1.15772781  0.93719213  1.35357023 -0.98271426 -0.54541836],[-0.66344988  0.94631991  1.13033971 -0.28555642  0.19752243],[ 0.26350289 -0.12946517 -0.12087428  0.19727    -0.13226472],[-0.17367634  0.59754911  0.68436356  0.12573668 -0.06637169],[ 0.09790903 -0.00548061  0.07625389  0.06415873 -0.08142529],[-0.17367634  0.59754911  0.68436356  0.12573668 -0.06637169],[ 0.17660017 -0.21383672 -0.18215297  0.12821323 -0.11597602],[-0.15187973  1.09209992  1.02137219 -0.54992922 -0.7044925 ],
[-0.34112973  0.73073885  0.64515529 -0.32947747 -0.54157898],[-1.08517005  1.13883845  1.07407424 -0.96062737  0.29340218],[-1.09538731  1.18711628  1.23366859 -1.35779691 -0.03381483],[-0.91962068  1.10081115  0.60030825 -0.27977785 -0.62228561],[-0.74596763  0.53504901  1.22991337 -0.54831624 -0.79378963],[-0.55480117  0.83320686  1.14216694 -0.87241128  0.12040282],[-0.50982043  0.33676866  0.95484064 -0.91738517 -0.39355247],[-0.81878845  0.03135048  1.28797683 -1.04128922 -0.82710725],[-0.36300206  0.26149747  0.36503802 -0.44202983  0.34688469],[ 0.17735796 -0.25408739 -0.28303736  0.17809005  0.03209401],[-0.66129192  0.79317386  1.27996268 -0.93367867  0.13821297],[-0.88963465  0.83090976  1.41047878 -0.8045021  -0.25320346],[-0.74813873  0.81172039  1.00293629 -0.40867478  0.07405632],[ 0.16166231 -0.05104481 -0.17198152  0.24974228 -0.08017273],[ 0.20514346  0.19643874  0.05111229 -0.05884311  0.45375626],[-0.6692489   0.62062143  1.2612535  -1.00166325 -0.3327892 ],[-0.8224613   0.82779989  0.63609952 -1.14973058  0.32194595],[ 0.35949383  0.51853426  0.58301659 -0.45310135  0.49256696],[-0.73252084  0.87374896  1.01242324 -1.04268174  0.49972122],[ 0.61303181  1.88731995  1.25312551 -0.50942218  0.55572053],
[-0.34112973  0.73073885  0.64515529 -0.32947747 -0.54157898],[-1.07611717  0.87194267  1.343295   -0.47310797 -0.97546692],[-0.50599546  0.42935198  0.71481991 -0.32603996 -0.56657929],[-1.15772781  0.93719213  1.35357023 -0.98271426 -0.54541836],[-1.22259387  0.95724124  1.07964078 -0.73089459 -0.32292052],[-1.27271721  1.25500521  1.53970348 -0.69366068 -0.06329949],[-1.09538731  1.18711628  1.23366859 -1.35779691 -0.03381483],[-1.16229446  1.36693438  1.24413919 -0.68750604 -0.39729198],[-0.99658552  1.28768453  1.39042639 -0.59630776  0.02494982],[-1.01216794  1.3348943   1.07485924 -1.32823945  0.53626649],[-0.11087475  0.05856497  0.01124963  0.00601995  0.00109748],[-1.08093565  0.94332974  1.00645318 -1.28709451  0.38582728],[-0.93134056  1.20594257  0.79203702 -1.22683979  0.74754982],[-0.63501313  0.96214824  0.83557991 -0.92629598  0.62792739],[-0.85119309  0.72751791  0.73456527 -0.12649972 -0.11270675],[-1.10338866  0.92303825  0.91626943 -0.28453824 -0.00660393],[-0.79862549  0.58561179  0.65696121 -0.18846    -0.05587027],[-1.04538492  1.1296327   1.1394044  -0.54179682 -0.87807509],[-1.08158279  1.10442758  1.09866697 -0.58197018 -0.7977399 ],
[-0.34112973  0.73073885  0.64515529 -0.32947747 -0.54157898],[-0.98476617  0.81703438  0.61481393 -0.49838427 -0.60049687],[-1.04072752  0.84102977  1.17508688 -0.5573938  -0.81570078],[-1.05920085  0.74788063  0.79847495 -0.64579635 -0.44665101],[-0.66129192  0.79317386  1.27996268 -0.93367867  0.13821297],[-2.04751672  1.71801762  1.20946805 -0.93483104  0.38531398],[-0.99788699  1.29273618  0.63706456 -0.8942408  -0.70383662],[-0.31318331  0.40800197  0.54334579 -0.68933713  0.00743962],[-0.92874871  0.9847053   0.86329929 -0.80192308 -0.66363583],[-1.18129404  1.11720451  1.00300833 -0.70546932 -0.63910864],[ 0.0948729  -0.26540373 -0.18989413 -0.01303861  0.20085609],[-0.88963465  0.83090976  1.41047878 -0.8045021  -0.25320346],[-1.54480535  1.22023947  1.00417883 -0.69629224 -0.16861815],[-0.78059329  1.00021818  0.70326071 -1.07068935 -0.17923738],[-0.32852136  0.49329979  0.58899039 -0.46509927  0.148247  ],[ 0.05229491  0.21726508 -0.12509591  0.42518849  0.3963238 ],[-1.04401406  0.88967838  0.94683861 -0.73828509  0.28444471],[-1.12491377  1.12898813  1.4234739  -1.03867383 -0.04227039],[-0.37619454  0.85071864  0.97905509 -0.80142113 -0.21007461],[-1.00117226  0.76608968  0.88943421 -0.75116481  0.43469538],[-0.6622054   0.44033893  0.50833141 -0.11025146 -0.34921961],
[-0.442655    0.68788074  0.7053927  -0.34514289 -0.67659342],[-1.03481177  0.83560596  0.7933061  -0.4627117   0.05526156],[-2.04751672  1.71801762  1.20946805 -0.93483104  0.38531398],[-0.50330611  0.44814653  0.38862039 -0.17741973 -0.11608578],[-0.61733801  0.41190927  0.72719341 -0.88247768 -0.13170586],[-0.78460769  0.69881369  0.66112094 -0.48453027 -0.14332135],[-0.93284363  0.9850147   1.44662501 -0.68551588 -0.55569254],[-1.12491377  1.12898813  1.4234739  -1.03867383 -0.04227039],[-1.04538492  1.1296327   1.1394044  -0.54179682 -0.87807509],[-0.50128011  0.8116247   1.0998072  -0.63604267 -0.44878932],[-1.15772781  0.93719213  1.35357023 -0.98271426 -0.54541836],[-0.99471019  0.76537949  0.67148447  0.01145573  0.11965059],[-0.9804715   0.85356861  0.94234803 -1.0582823   0.37729452],[-0.37619454  0.85071864  0.97905509 -0.80142113 -0.21007461],[-1.08230036  0.88747109  0.81038107 -0.8179653  -0.76590858],[-1.46238879  0.97479597  1.15998168 -1.04015487  0.24021222],[-0.4546317   0.44705566  0.66042469 -0.66259355  0.32303613],[-0.32852136  0.49329979  0.58899039 -0.46509927  0.148247  ],[-1.46238879  0.97479597  1.15998168 -1.04015487  0.24021222],[-0.42315707  0.55729007  0.360094   -0.15722979 -0.18456311],[-0.73252084  0.87374896  1.01242324 -1.04268174  0.49972122],
[-0.58263052  0.45404707  0.51330301 -0.15713724 -0.41209005],[-2.04751672  1.71801762  1.20946805 -0.93483104  0.38531398],[-0.40202332  0.10710984  0.0263965   0.25338362 -0.16739468],[-0.82723673  0.46123142  0.78981073 -0.47943569  0.0337829 ],[-0.25055711  0.1414016   0.31489351  0.01589436  0.30649684],[-0.4224204   0.50135833  0.51934347 -0.05244403 -0.73599308],[-1.07611717  0.87194267  1.343295   -0.47310797 -0.97546692],[-0.83880423  0.58839534  0.94577748 -0.60276924  0.08275454],[-0.00716514  0.26469689  0.36967967  0.00189839 -0.10380036],[-1.01095784  0.73337629  1.13678304 -0.88421807 -0.02331986],[-0.64131152  0.7044158   0.75106139 -0.38332113 -0.02968201],[-0.67596427  0.54995671  0.96134002 -1.27123302 -0.47409465],[-1.29710497  1.2480219   1.140592   -0.79320469 -0.19337824],[-1.82196495  1.57457914  1.09322331 -0.22361443  0.01767285],[ 0.47392121  0.18224621  0.25672055 -0.23128133  0.11973534],[-0.58263052  0.45404707  0.51330301 -0.15713724 -0.41209005],[-1.19339973  1.25061609  0.99534928 -0.75937537 -0.35850562],[-0.84700605  0.81507777  1.04661107 -0.50034837  0.73914704],[-0.57876429  0.75152139  0.9620251  -0.97493877  0.31741279],[-1.09538731  1.18711628  1.23366859 -1.35779691 -0.03381483],
[-0.58263052  0.45404707  0.51330301 -0.15713724 -0.41209005],[-0.4224204   0.50135833  0.51934347 -0.05244403 -0.73599308],[-1.07611717  0.87194267  1.343295   -0.47310797 -0.97546692],[-0.83880423  0.58839534  0.94577748 -0.60276924  0.08275454],[-0.00716514  0.26469689  0.36967967  0.00189839 -0.10380036],[-1.01095784  0.73337629  1.13678304 -0.88421807 -0.02331986],[-0.64131152  0.7044158   0.75106139 -0.38332113 -0.02968201],[-0.67596427  0.54995671  0.96134002 -1.27123302 -0.47409465],[-0.58263052  0.45404707  0.51330301 -0.15713724 -0.41209005],[-1.29710497  1.2480219   1.140592   -0.79320469 -0.19337824],[-1.82196495  1.57457914  1.09322331 -0.22361443  0.01767285],[ 0.47392121  0.18224621  0.25672055 -0.23128133  0.11973534],[-1.19339973  1.25061609  0.99534928 -0.75937537 -0.35850562],[-0.84700605  0.81507777  1.04661107 -0.50034837  0.73914704],[-0.57876429  0.75152139  0.9620251  -0.97493877  0.31741279],[-1.09538731  1.18711628  1.23366859 -1.35779691 -0.03381483],[-0.87420681  1.00754254  0.27408142 -1.37716048 -0.53537111],[-1.60226579  1.26052472  1.12611818 -0.58920127 -0.86424654],[-0.51997609  0.38127128  0.43031567 -0.63580891 -0.06395747],
[-0.58263052  0.45404707  0.51330301 -0.15713724 -0.41209005],[-2.04751672  1.71801762  1.20946805 -0.93483104  0.38531398],[-1.25520511  0.91610271  1.53550692 -0.87579231 -0.29120119],[-1.04538492  1.1296327   1.1394044  -0.54179682 -0.87807509],[-0.86608741  0.25151446  0.98720291 -0.73254334 -1.09425427],[-0.88944299  0.67343401  0.76548305 -0.52642464  0.19631221],[-1.04538492  1.1296327   1.1394044  -0.54179682 -0.87807509],[-0.6763301   0.64697479  0.71155153 -0.27553898 -0.59542928],[-1.08158279  1.10442758  1.09866697 -0.58197018 -0.7977399 ],[-1.03481177  0.83560596  0.7933061  -0.4627117   0.05526156],[-1.19094755  0.97387784  1.13301334 -1.10734105  0.10680775],[-0.08611422  0.0175075   0.04664857 -0.04762559 -0.27449897],[-0.23887654  0.61462266  0.36941427 -0.27906943  0.11545322],[-1.05014375  1.00594267  0.97058893 -0.63364042  0.09868195],[-0.75161329  0.42688569  0.79968858 -0.45732213 -0.09093415],[-0.87420681  1.00754254  0.27408142 -1.37716048 -0.53537111],[-1.82196495  1.57457914  1.09322331 -0.22361443  0.01767285],[-0.88596316  0.99626358  1.00394975 -0.58652847  0.25085294],[-1.1255154   1.25130735  1.26146003 -0.07594135  0.23410824],
[-0.58263052  0.45404707  0.51330301 -0.15713724 -0.41209005],[-1.03564848  0.53322396  1.15304062 -1.06914922 -0.97582491],[ 0.16469251 -0.2296497  -0.21207537  0.08071296  0.02516469],[-1.15057356  1.14725416  1.39455363 -0.75570497 -0.3007833 ],[-0.36674058 -0.00525318  0.43525229 -0.50083941 -0.37760224],[-0.81937938  0.95187137  1.05889228 -1.14728865 -0.0688026 ],[-0.53217226  0.5557895   0.94169815 -1.12359587 -0.12341049],[-0.18281809 -0.09028062  0.29692245 -0.42188138 -0.45724769],[-1.12491377  1.12898813  1.4234739  -1.03867383 -0.04227039],[ 0.05044002 -0.15949595 -0.10281181  0.04198372 -0.17239309],[-1.16218862  0.91517356  1.0464928  -0.52522086 -0.08631521],[-0.67682891  1.03301451  1.20225395 -0.55269937  0.06345733],[-1.15057356  1.14725416  1.39455363 -0.75570497 -0.3007833 ],[-0.74435896  0.44657905  0.92458759 -0.59478382 -0.4244236 ],[-0.71791504  0.88576846  0.94381682 -1.10675987 -0.1760643 ],[-0.52672889  0.42703049  1.15851785 -0.41776101 -0.87571112],[-0.39985104  0.82697823  0.74567121  0.23863929 -0.69551041],[-0.28896562  1.22846685  1.16878594 -0.08835587 -0.57575245],[-0.00261656  0.50153117  0.78643268 -0.34720891 -0.06723408],[-1.16218862  0.91517356  1.0464928  -0.52522086 -0.08631521],[-2.04751672  1.71801762  1.20946805 -0.93483104  0.38531398],
[-0.58263052  0.45404707  0.51330301 -0.15713724 -0.41209005],[-0.74435896  0.44657905  0.92458759 -0.59478382 -0.4244236 ],[-0.71791504  0.88576846  0.94381682 -1.10675987 -0.1760643 ],[-0.52672889  0.42703049  1.15851785 -0.41776101 -0.87571112],[-0.39985104  0.82697823  0.74567121  0.23863929 -0.69551041],[-0.28896562  1.22846685  1.16878594 -0.08835587 -0.57575245],[-0.00261656  0.50153117  0.78643268 -0.34720891 -0.06723408],[-1.16218862  0.91517356  1.0464928  -0.52522086 -0.08631521],[-2.04751672  1.71801762  1.20946805 -0.93483104  0.38531398],[-1.04050584  1.20037238  1.49476491 -0.82981497 -0.15779266],[-0.08914655 -0.06881562 -0.16572843  0.24215689  0.16158287],[-0.77496651  0.58607923  0.70194269 -0.05452028 -0.10052042],[-1.82196495  1.57457914  1.09322331 -0.22361443  0.01767285],[-0.77496651  0.58607923  0.70194269 -0.05452028 -0.10052042],[-1.32194646  1.16665854  0.86062034 -0.29221894  0.038289  ],[-0.89377116  1.10973703  1.31246467 -0.64424087 -0.85498436],[-0.87848287  0.79499333  1.05225836 -0.9529113  -0.23654789],[-0.56888986  0.22874076  0.63934345 -0.84133521 -0.68272535],[-0.98004457  0.52887411  1.01707379 -1.20876966 -1.28931816],[-2.04751672  1.71801762  1.20946805 -0.93483104  0.38531398],
[-0.58263052  0.45404707  0.51330301 -0.15713724 -0.41209005],[-0.34327484  0.14551132  0.20455107 -0.15772387  0.14406528],[-1.03846756  1.0388849   0.92427386 -1.09850579  0.39751506],[-0.93134056  1.20594257  0.79203702 -1.22683979  0.74754982],[-0.31755817  0.09174852  0.00795243 -0.55824204  0.75110696],[-0.58263052  0.45404707  0.51330301 -0.15713724 -0.41209005],[-1.01841883  0.86383618  0.95971698 -0.77198907  0.29034764],[-1.08158279  1.10442758  1.09866697 -0.58197018 -0.7977399 ],[-1.60226579  1.26052472  1.12611818 -0.58920127 -0.86424654],[-0.53391851  0.29480159  0.47237437 -0.02611432 -0.34694475],[-1.27271721  1.25500521  1.53970348 -0.69366068 -0.06329949],[-1.16229446  1.36693438  1.24413919 -0.68750604 -0.39729198],[-0.78570784  0.78247212  0.9929422  -1.00099047 -0.23212137],[-1.27271721  1.25500521  1.53970348 -0.69366068 -0.06329949],[-0.99910283  0.82570533  1.09866735 -0.7079188  -0.79539031],[-1.01205081  0.70325591  1.24848629 -0.73990127 -0.80652436],[-1.04538492  1.1296327   1.1394044  -0.54179682 -0.87807509],[-1.03846756  1.0388849   0.92427386 -1.09850579  0.39751506],[-0.45211858  0.31217221  0.15694278  0.47609377  0.11053803],[-1.16229446  1.36693438  1.24413919 -0.68750604 -0.39729198],[-1.00976546  0.8823996   1.12645575 -0.66215916  0.15532296],
[-0.58263052  0.45404707  0.51330301 -0.15713724 -0.41209005],[-1.03846756  1.0388849   0.92427386 -1.09850579  0.39751506],[-0.45211858  0.31217221  0.15694278  0.47609377  0.11053803],[-1.16229446  1.36693438  1.24413919 -0.68750604 -0.39729198],[-1.00976546  0.8823996   1.12645575 -0.66215916  0.15532296],[-0.89250865  0.78841037  0.7738815  -1.17618391 -0.82059984],[-0.44156976  0.26735183  0.22422762 -0.6622457  -0.41316093],[-0.39467735  0.7957915   0.77884967 -0.42695365 -0.2240309 ],[-1.15772781  0.93719213  1.35357023 -0.98271426 -0.54541836],[ 0.14746098 -0.24772989 -0.26127899  0.06246422  0.18847076],[-0.37655423  0.33988733  0.28712017 -0.66952427  0.22096364],[-1.12491377  1.12898813  1.4234739  -1.03867383 -0.04227039],[-1.15109805  0.92828167  1.42269623 -0.86098402 -0.33210012],[-0.62084745  0.68148693  0.75075488 -0.35750662 -0.136459  ],[-0.74501655  0.32287783  1.27376152 -0.87647343 -0.86370614],[-0.950712    1.23951131  1.19696181 -0.50119875 -0.04250465],[-0.0214273  -0.02138272 -0.06526976  0.15474871 -0.05316179],[-0.74566741  1.0596304   1.03148876 -0.27787252 -0.5793362 ],[-1.08230036  0.88747109  0.81038107 -0.8179653  -0.76590858],[-0.90743533  0.77456126  0.81695811 -1.05205941 -0.36292813],[-0.58263052  0.45404707  0.51330301 -0.15713724 -0.41209005],
[-0.58263052  0.45404707  0.51330301 -0.15713724 -0.41209005],[-0.37655423  0.33988733  0.28712017 -0.66952427  0.22096364],[-1.12491377  1.12898813  1.4234739  -1.03867383 -0.04227039],[-0.58263052  0.45404707  0.51330301 -0.15713724 -0.41209005],[-1.15109805  0.92828167  1.42269623 -0.86098402 -0.33210012],[-0.62084745  0.68148693  0.75075488 -0.35750662 -0.136459  ],[-0.74501655  0.32287783  1.27376152 -0.87647343 -0.86370614],[-0.950712    1.23951131  1.19696181 -0.50119875 -0.04250465],[-0.0214273  -0.02138272 -0.06526976  0.15474871 -0.05316179],[-0.74566741  1.0596304   1.03148876 -0.27787252 -0.5793362 ],[-1.08230036  0.88747109  0.81038107 -0.8179653  -0.76590858],[-0.90743533  0.77456126  0.81695811 -1.05205941 -0.36292813],[-0.45168894  0.3067185   0.0560349   0.15139659 -0.02583661],[-2.04751672  1.71801762  1.20946805 -0.93483104  0.38531398],[-1.19339973  1.25061609  0.99534928 -0.75937537 -0.35850562],[-0.58263052  0.45404707  0.51330301 -0.15713724 -0.41209005],[-1.03401625  0.81050394  1.19196739 -1.08788681 -0.22115396],[-1.03564848  0.53322396  1.15304062 -1.06914922 -0.97582491],[-0.93466731  0.88276269  0.97944598 -0.65907845 -0.48610195],[ 0.12090107 -0.11344775 -0.13815003  0.07266327  0.00777365],
[-0.58263052  0.45404707  0.51330301 -0.15713724 -0.41209005],[-0.62084745  0.68148693  0.75075488 -0.35750662 -0.136459  ],[-0.74501655  0.32287783  1.27376152 -0.87647343 -0.86370614],[-0.950712    1.23951131  1.19696181 -0.50119875 -0.04250465],[-0.0214273  -0.02138272 -0.06526976  0.15474871 -0.05316179],[-0.74566741  1.0596304   1.03148876 -0.27787252 -0.5793362 ],[-1.08230036  0.88747109  0.81038107 -0.8179653  -0.76590858],[-0.90743533  0.77456126  0.81695811 -1.05205941 -0.36292813],[-0.58263052  0.45404707  0.51330301 -0.15713724 -0.41209005],[-0.45168894  0.3067185   0.0560349   0.15139659 -0.02583661],[-2.04751672  1.71801762  1.20946805 -0.93483104  0.38531398],[-1.19339973  1.25061609  0.99534928 -0.75937537 -0.35850562],[-1.03401625  0.81050394  1.19196739 -1.08788681 -0.22115396],[-1.03564848  0.53322396  1.15304062 -1.06914922 -0.97582491],[-0.93466731  0.88276269  0.97944598 -0.65907845 -0.48610195],[ 0.12090107 -0.11344775 -0.13815003  0.07266327  0.00777365],[-1.11226732  1.07706574  0.74302609 -0.10045179 -0.02093276],[-0.58263052  0.45404707  0.51330301 -0.15713724 -0.41209005],
[-0.58263052  0.45404707  0.51330301 -0.15713724 -0.41209005],[-0.45168894  0.3067185   0.0560349   0.15139659 -0.02583661],[-2.04751672  1.71801762  1.20946805 -0.93483104  0.38531398],[-1.19339973  1.25061609  0.99534928 -0.75937537 -0.35850562],[-0.58263052  0.45404707  0.51330301 -0.15713724 -0.41209005],[-1.03401625  0.81050394  1.19196739 -1.08788681 -0.22115396],[-1.03564848  0.53322396  1.15304062 -1.06914922 -0.97582491],[-0.93466731  0.88276269  0.97944598 -0.65907845 -0.48610195],[ 0.12090107 -0.11344775 -0.13815003  0.07266327  0.00777365],[-1.11226732  1.07706574  0.74302609 -0.10045179 -0.02093276],[-0.93284363  0.9850147   1.44662501 -0.68551588 -0.55569254],[-1.29710497  1.2480219   1.140592   -0.79320469 -0.19337824],[-0.58263052  0.45404707  0.51330301 -0.15713724 -0.41209005],[-0.47487266 -0.09043844  0.11561807 -0.08845387  0.0115561 ],[-0.74501655  0.32287783  1.27376152 -0.87647343 -0.86370614],[-0.09833229 -0.06960608  0.20056522 -0.34554398 -0.30995069],
[-0.58263052  0.45404707  0.51330301 -0.15713724 -0.41209005],[-1.03564848  0.53322396  1.15304062 -1.06914922 -0.97582491],[-0.93466731  0.88276269  0.97944598 -0.65907845 -0.48610195],[ 0.12090107 -0.11344775 -0.13815003  0.07266327  0.00777365],[-1.11226732  1.07706574  0.74302609 -0.10045179 -0.02093276],[-0.58263052  0.45404707  0.51330301 -0.15713724 -0.41209005],[-0.93284363  0.9850147   1.44662501 -0.68551588 -0.55569254],[-1.29710497  1.2480219   1.140592   -0.79320469 -0.19337824],[-0.47487266 -0.09043844  0.11561807 -0.08845387  0.0115561 ],[-0.74501655  0.32287783  1.27376152 -0.87647343 -0.86370614],[-0.09833229 -0.06960608  0.20056522 -0.34554398 -0.30995069],[-1.03564848  0.53322396  1.15304062 -1.06914922 -0.97582491],[-0.98004457  0.52887411  1.01707379 -1.20876966 -1.28931816],[-0.58263052  0.45404707  0.51330301 -0.15713724 -0.41209005],[-1.06804578  0.93709212  0.92996441 -0.04249327  0.1149258 ],[-0.88247801  0.56934083  1.16307293 -1.21777577 -1.00187821],[-1.15109805  0.92828167  1.42269623 -0.86098402 -0.33210012],
[-0.58263052  0.45404707  0.51330301 -0.15713724 -0.41209005],[-0.93284363  0.9850147   1.44662501 -0.68551588 -0.55569254],[-1.29710497  1.2480219   1.140592   -0.79320469 -0.19337824],[-0.58263052  0.45404707  0.51330301 -0.15713724 -0.41209005],[-0.47487266 -0.09043844  0.11561807 -0.08845387  0.0115561 ],[-0.74501655  0.32287783  1.27376152 -0.87647343 -0.86370614],[-0.09833229 -0.06960608  0.20056522 -0.34554398 -0.30995069],[-1.03564848  0.53322396  1.15304062 -1.06914922 -0.97582491],[-0.98004457  0.52887411  1.01707379 -1.20876966 -1.28931816],[-1.06804578  0.93709212  0.92996441 -0.04249327  0.1149258 ],[-0.88247801  0.56934083  1.16307293 -1.21777577 -1.00187821],[-1.15109805  0.92828167  1.42269623 -0.86098402 -0.33210012],[-0.22303512  0.08217335  0.0615053  -0.06430977  0.15248418],[-0.39082266  0.23481929  0.48017485 -0.27273731  0.36172466],[-1.19094755  0.97387784  1.13301334 -1.10734105  0.10680775],[-0.47992829  0.5273627   0.68819104 -0.83515769  0.31393556],[-0.28512068  0.46289982  0.35387183 -0.44610843 -0.32428417],[-1.03564848  0.53322396  1.15304062 -1.06914922 -0.97582491],
[-0.58263052  0.45404707  0.51330301 -0.15713724 -0.41209005],[-0.77562071  0.7783422   1.02581977 -1.08992934 -0.13294241],[-0.64160169  0.57153546  0.5681258  -0.53093943  0.30350137],[-0.77489344  0.56286627  0.79912699 -0.45203596  0.66690043],[-0.55049498  0.43526872  0.64470768 -0.37664862  0.17805894],[-0.17656998 -0.02483117 -0.02198497 -0.22057582  0.2782497 ],[-0.81878845  0.03135048  1.28797683 -1.04128922 -0.82710725],[-1.13353636  1.10299721  1.12262376 -1.10465346  0.22011729],[-0.19854044 -0.02579331  0.15134142 -0.29870888  0.47522621],[-0.45420305  0.61897353  0.74791053 -0.32902828 -0.6099677 ],[-1.04072752  0.84102977  1.17508688 -0.5573938  -0.81570078],[-1.1453219   0.66971247  1.00424846 -0.96595971  0.19465647],[-0.25342133 -0.07625016  0.50907594 -0.04614579 -1.03088324],[-0.37866018  0.031101    0.57094401 -0.17218631 -1.02912701],[-0.97776979  0.22959766  1.28067556 -0.94852252 -1.03108413],[-0.92711894 -0.02963005  1.5169831  -1.12761675 -1.21731206],[-0.92711894 -0.02963005  1.5169831  -1.12761675 -1.21731206],[-0.51486935  0.063063    0.76460427 -0.90026239 -0.57170275],
[-0.58263052  0.45404707  0.51330301 -0.15713724 -0.41209005],[-0.47697482  0.27787715  0.17320503 -0.42170777  0.36572888],[ 0.18710562  1.06365121  0.62691422  0.75231702 -0.36203098],[-0.65293114  0.49626934  0.42690478 -0.38888423  0.23121402],[-1.29710497  1.2480219   1.140592   -0.79320469 -0.19337824],[-1.04072752  0.84102977  1.17508688 -0.5573938  -0.81570078],[-0.4413337  -0.02092967  0.42359955 -0.4199872  -0.41110904],[-0.56749715  0.70319519  0.84855897 -0.40691314  0.21845776],[-0.88247801  0.56934083  1.16307293 -1.21777577 -1.00187821],[-1.00609122  0.80873035  0.9330974  -0.60681679 -0.19804984],[-1.15109805  0.92828167  1.42269623 -0.86098402 -0.33210012],[-0.92874871  0.9847053   0.86329929 -0.80192308 -0.66363583],[-0.15728446 -0.0101928   0.24045544 -0.1590267  -0.31405442],[-0.51831723  0.66651301  0.93666739 -0.46206144 -0.62184675],[-0.60099045  0.47088035  0.71609474 -0.76988043 -0.40279629],[-0.51992268  0.57521909  0.90639076 -0.65024887 -0.42635086],[-1.29710497  1.2480219   1.140592   -0.79320469 -0.19337824],[-1.15772781  0.93719213  1.35357023 -0.98271426 -0.54541836],[-0.2808558   0.56391082  0.37122717 -0.99139393  0.02961443],[-0.23835775  0.74000454  0.35431583 -1.17063951 -0.10283342],
[-0.58263052  0.45404707  0.51330301 -0.15713724 -0.41209005],[-1.16229446  1.36693438  1.24413919 -0.68750604 -0.39729198],[-1.04538492  1.1296327   1.1394044  -0.54179682 -0.87807509],[-1.08158279  1.10442758  1.09866697 -0.58197018 -0.7977399 ],[ 0.05713038  0.17334212  0.26286867 -0.75324668  0.23497743],[-0.88411072  0.81651713  0.93710467 -0.84788666 -0.01366698],[-1.27271721  1.25500521  1.53970348 -0.69366068 -0.06329949],[-1.09538731  1.18711628  1.23366859 -1.35779691 -0.03381483],[-1.01216794  1.3348943   1.07485924 -1.32823945  0.53626649],[-0.77489344  0.56286627  0.79912699 -0.45203596  0.66690043],[-0.61168233  0.61163032  0.85951757 -0.38441337  0.0473268 ],[-0.59836918  0.40523515  0.50138971 -0.41113048  0.0406901 ],[-1.16229446  1.36693438  1.24413919 -0.68750604 -0.39729198],[-0.00997363 -0.08554454 -0.11391369  0.12190284 -0.02896725],[-0.55012602  0.33489162  0.27720363 -0.40228793  0.23169245],[-1.14011315  0.83364822  1.21169623 -0.82525811  0.27534025],[-1.00117226  0.76608968  0.88943421 -0.75116481  0.43469538],[-0.69756301  0.76715154  0.86124828 -0.66836957  0.07785305],[-1.54480535  1.22023947  1.00417883 -0.69629224 -0.16861815],[-0.48501334  0.49643513  0.63093902 -0.17134318 -0.44545511],[-0.73790137  0.90938814  1.06661741 -1.20413901 -0.33097238],
[-0.58263052  0.45404707  0.51330301 -0.15713724 -0.41209005],[-0.88247801  0.56934083  1.16307293 -1.21777577 -1.00187821],[-0.44452614  0.2369497   0.65471096 -0.36842567 -0.54587596],[-1.04072752  0.84102977  1.17508688 -0.5573938  -0.81570078],[ 0.0575702  -0.16877885 -0.07505771  0.32777259 -0.00139199],[-0.1091587  -0.10584463 -0.089249    0.2522067   0.02109876],[-1.22259387  0.95724124  1.07964078 -0.73089459 -0.32292052],[-0.90242587  0.77834372  0.92400054 -0.86139063  0.53217859],[-1.09538731  1.18711628  1.23366859 -1.35779691 -0.03381483],[-1.04072752  0.84102977  1.17508688 -0.5573938  -0.81570078],[-0.99658552  1.28768453  1.39042639 -0.59630776  0.02494982],[-1.12491377  1.12898813  1.4234739  -1.03867383 -0.04227039],[-1.04072752  0.84102977  1.17508688 -0.5573938  -0.81570078],[-1.09538731  1.18711628  1.23366859 -1.35779691 -0.03381483],[-1.01216794  1.3348943   1.07485924 -1.32823945  0.53626649],[-1.25520511  0.91610271  1.53550692 -0.87579231 -0.29120119],[-0.88247801  0.56934083  1.16307293 -1.21777577 -1.00187821],[-0.98004457  0.52887411  1.01707379 -1.20876966 -1.28931816],[-1.24411854  0.84753499  0.97381469 -1.06681624  0.39335366],[-0.61459545  0.10168975  0.80852204 -0.72506764 -0.70432845],[ 0.02838872 -0.11500508 -0.21827868 -0.00142926 -0.29126967],
[-0.30069279  0.77560071  0.54486902 -0.41369557 -0.45863084],[-0.82377954  0.92484429  1.06809659 -0.56621266 -0.20958467],[-0.89784785  0.65002116  1.22574277 -0.89644568  0.00932335],[-0.494355    0.35723856  0.9243322  -0.67093028 -0.41403094],[-1.04538492  1.1296327   1.1394044  -0.54179682 -0.87807509],[-0.93274028  0.65299432  0.7144115  -1.32857053  0.14049927],[-0.77562071  0.7783422   1.02581977 -1.08992934 -0.13294241],[-0.85616892  0.72468002  0.98363184 -0.96870637 -0.193487  ],[-0.46774484  0.28757723  0.25707228  0.15429131 -0.14794996],[-1.10811073  1.29500095  0.99240771 -0.6333881   0.26568897],[-1.17514491  1.33167193  1.33544044 -0.39255725  0.17701164],[-0.81545861  0.78393686  1.01399819 -0.42738392 -0.14314626],[-0.46926937  0.21869823  0.22478059 -0.05027901 -0.28635057],[-0.9316847   0.95763512  0.71311382 -0.41016022 -0.44660376],[ 0.02186959 -0.08179751 -0.0654108  -0.06008548  0.18460794],[-0.81324958  0.80747172  0.61147747 -1.02445923 -0.38537447],[-0.66263974  0.84745989  0.97496095 -1.03290511 -0.25720805],[-0.7603575   0.8536159   0.8050137  -0.70045755 -0.42630039],[-0.93324874  0.72764347  1.0146489  -0.09810145 -0.14635157],
[-0.30069279  0.77560071  0.54486902 -0.41369557 -0.45863084],[-1.60226579  1.26052472  1.12611818 -0.58920127 -0.86424654],[-0.21853476 -0.15277176  0.10790433  0.34209831 -0.46523689],[-1.00117226  0.76608968  0.88943421 -0.75116481  0.43469538],[-0.41699613  0.23528928  0.11888995 -0.18338726  0.44200298],[-0.93324874  0.72764347  1.0146489  -0.09810145 -0.14635157],[-0.64730596  0.47122053  0.21695924 -0.31773811  0.37116763],[-0.66120203  0.3466505   0.29790172  0.21414154  0.13093592],[-1.09556823  1.24902986  1.3253876  -0.15389941 -0.17324251],[-1.82196495  1.57457914  1.09322331 -0.22361443  0.01767285],[-0.74258981  0.7660188   0.83282886 -1.0202424   0.53067472],[ 0.04732227 -0.04519624 -0.16161384  0.22651818 -0.13255087],[-0.7593904   0.92339067  1.22254136 -0.80424731  0.2956704 ],[-0.64730596  0.47122053  0.21695924 -0.31773811  0.37116763],[-0.77489344  0.56286627  0.79912699 -0.45203596  0.66690043],[-1.09556823  1.24902986  1.3253876  -0.15389941 -0.17324251],[-0.69602982  0.62376938  0.5423371  -0.37734406 -0.62061009],[-1.60226579  1.26052472  1.12611818 -0.58920127 -0.86424654],[-0.66129192  0.79317386  1.27996268 -0.93367867  0.13821297],
[-0.30069279  0.77560071  0.54486902 -0.41369557 -0.45863084],[-0.97776979  0.22959766  1.28067556 -0.94852252 -1.03108413],[-0.78277816  0.33911355  0.8660873  -0.92921759 -0.54399187],[-0.97776979  0.22959766  1.28067556 -0.94852252 -1.03108413],[-1.00991515  0.80042824  1.28123835 -0.98187019 -0.47290523],[-1.27271721  1.25500521  1.53970348 -0.69366068 -0.06329949],[-1.09538731  1.18711628  1.23366859 -1.35779691 -0.03381483],[-1.01216794  1.3348943   1.07485924 -1.32823945  0.53626649],[-0.74566741  1.0596304   1.03148876 -0.27787252 -0.5793362 ],[-1.21888746  1.06260392  1.27289556 -0.07610832  0.04496997],[-0.38019519  0.96711573  0.78859427 -0.33309742 -0.51692675],[-0.69791509  0.80420094  0.64147144 -0.15502793 -0.28223547],[ 0.21355112 -0.12409538 -0.23679114  0.19647764  0.0431455 ],[-0.93324874  0.72764347  1.0146489  -0.09810145 -0.14635157],[ 0.14353689 -0.14814589 -0.11229201  0.1824157  -0.01943822],[-1.19472865  1.18358261  1.01772077 -0.46746436 -0.4103636 ],[-1.32194646  1.16665854  0.86062034 -0.29221894  0.038289  ],[-1.22259387  0.95724124  1.07964078 -0.73089459 -0.32292052],[-1.08996317  0.85491404  1.03219573 -0.77176442  0.20354175],
[-0.48501334  0.49643513  0.63093902 -0.17134318 -0.44545511],[-1.15057356  1.14725416  1.39455363 -0.75570497 -0.3007833 ],[ 0.19883935 -0.26011535 -0.25777389  0.11194782  0.09711252],[-1.82196495  1.57457914  1.09322331 -0.22361443  0.01767285],[-1.16229446  1.36693438  1.24413919 -0.68750604 -0.39729198],[-1.10338866  0.92303825  0.91626943 -0.28453824 -0.00660393],[-0.67105058  0.77302231  0.80404149 -0.79451415  0.33853631],[-1.14011315  0.83364822  1.21169623 -0.82525811  0.27534025],[-0.69969378  0.97133945  0.88164132 -1.50818161  0.58882042],[-1.27856274  1.0805693   1.16296347 -0.80354196 -0.16254826],[-1.04072752  0.84102977  1.17508688 -0.5573938  -0.81570078],[-0.57703828  0.76283174  0.52924245 -0.15347734 -0.24763414],[-0.61290645  0.42586631  0.58763001 -0.0300515   0.16936395],[-0.6971978   0.65870198  0.62021227 -0.6925879   0.46447587],[-0.51588935  0.35377841  0.59903523 -0.76175652 -0.10055399],[-0.48501334  0.49643513  0.63093902 -0.17134318 -0.44545511],[-0.17904842  0.13234683  0.08946746 -0.09381847  0.04278211],[-0.48501334  0.49643513  0.63093902 -0.17134318 -0.44545511],[ 0.15253887  0.29955614  0.32032757 -0.277951    0.11597043],
[-0.48501334  0.49643513  0.63093902 -0.17134318 -0.44545511],[-1.14011315  0.83364822  1.21169623 -0.82525811  0.27534025],[-0.69969378  0.97133945  0.88164132 -1.50818161  0.58882042],[-1.27856274  1.0805693   1.16296347 -0.80354196 -0.16254826],[-1.04072752  0.84102977  1.17508688 -0.5573938  -0.81570078],[-0.57703828  0.76283174  0.52924245 -0.15347734 -0.24763414],[-0.48501334  0.49643513  0.63093902 -0.17134318 -0.44545511],[-0.61290645  0.42586631  0.58763001 -0.0300515   0.16936395],[-0.6971978   0.65870198  0.62021227 -0.6925879   0.46447587],[-0.51588935  0.35377841  0.59903523 -0.76175652 -0.10055399],[-0.17904842  0.13234683  0.08946746 -0.09381847  0.04278211],[-0.48501334  0.49643513  0.63093902 -0.17134318 -0.44545511],[ 0.15253887  0.29955614  0.32032757 -0.277951    0.11597043],[ 0.19912192 -0.24574137 -0.17583306  0.00552057  0.04485154],[-0.75037125  0.96226143  1.19847516 -1.25447684 -0.16440676],[-0.41182736  0.81166833  0.88394415 -1.28141661 -0.25447666],[-0.23887654  0.61462266  0.36941427 -0.27906943  0.11545322],[ 0.07372947 -0.07868699 -0.2040419   0.10418737 -0.33986653],[ 0.08248521 -0.070156   -0.14872284  0.10135202  0.09898977],
[-0.48501334  0.49643513  0.63093902 -0.17134318 -0.44545511],[-1.54480535  1.22023947  1.00417883 -0.69629224 -0.16861815],[-1.22259387  0.95724124  1.07964078 -0.73089459 -0.32292052],[-0.6703683   0.45256356  0.55003885 -0.30825088  0.39994263],[-0.84353493  0.94918937  0.87823665 -0.82686998 -0.18852115],[-0.46461297  0.42624235  0.30597715 -0.5667839  -0.36248376],[-0.67596427  0.54995671  0.96134002 -1.27123302 -0.47409465],[-0.67193252  0.84647578  1.11439093 -0.87401841 -0.61623269],[-1.22259387  0.95724124  1.07964078 -0.73089459 -0.32292052],[-0.66129192  0.79317386  1.27996268 -0.93367867  0.13821297],[-1.10123037  1.1175948   1.16344073 -0.92772921 -0.30604848],[-0.57703828  0.76283174  0.52924245 -0.15347734 -0.24763414],[-0.55443124  0.43748835  0.3930918  -0.05713019 -0.09107164],[-0.59396741  0.64928834  0.88674664 -0.96017242 -0.40692269],[-1.19338271  1.15987408  0.77984853 -1.25555223 -0.36543098],[-0.99658552  1.28768453  1.39042639 -0.59630776  0.02494982],[-1.09368288  1.1035186   0.85197071 -0.39419653 -0.50002818],[-1.08158279  1.10442758  1.09866697 -0.58197018 -0.7977399 ],[-0.55443124  0.43748835  0.3930918  -0.05713019 -0.09107164],[-0.7321282   0.65389383  0.54788348 -0.08475327 -0.05214514],[-0.06568899 -0.04754211 -0.02473327 -0.15191585  0.38473937],
[-0.48501334  0.49643513  0.63093902 -0.17134318 -0.44545511],[-0.77489344  0.56286627  0.79912699 -0.45203596  0.66690043],[-0.61168233  0.61163032  0.85951757 -0.38441337  0.0473268 ],[-0.59836918  0.40523515  0.50138971 -0.41113048  0.0406901 ],[-0.58263052  0.45404707  0.51330301 -0.15713724 -0.41209005],[-1.16229446  1.36693438  1.24413919 -0.68750604 -0.39729198],[-0.00997363 -0.08554454 -0.11391369  0.12190284 -0.02896725],[-0.55012602  0.33489162  0.27720363 -0.40228793  0.23169245],[-1.14011315  0.83364822  1.21169623 -0.82525811  0.27534025],[-1.00117226  0.76608968  0.88943421 -0.75116481  0.43469538],[-0.69756301  0.76715154  0.86124828 -0.66836957  0.07785305],[-1.54480535  1.22023947  1.00417883 -0.69629224 -0.16861815],[-0.73790137  0.90938814  1.06661741 -1.20413901 -0.33097238],[-1.13353636  1.10299721  1.12262376 -1.10465346  0.22011729],[-1.00609122  0.80873035  0.9330974  -0.60681679 -0.19804984],[-0.79327956  0.71121443  0.80082518 -0.26875619 -0.16769931],[-0.83803775  0.83661916  0.92814138 -0.26164925  0.18462076],[-1.01216794  1.3348943   1.07485924 -1.32823945  0.53626649],[-1.04538492  1.1296327   1.1394044  -0.54179682 -0.87807509],[-1.08158279  1.10442758  1.09866697 -0.58197018 -0.7977399 ],[-1.16229446  1.36693438  1.24413919 -0.68750604 -0.39729198],
[-0.76154313  0.77497947  0.6057169   0.03240217 -0.37144145],[-0.8613978   1.02759133  1.01726744 -0.4770965   0.27638057],[-0.88411072  0.81651713  0.93710467 -0.84788666 -0.01366698],[-1.14301123  1.10235308  1.56167487 -0.14718664  0.6251744 ],[-1.05962526  0.72613661  0.65932673 -0.70942099  0.25297132],[-0.66120203  0.3466505   0.29790172  0.21414154  0.13093592],[-0.70882417  0.66755492  0.39691686 -0.15784171 -0.21917682],[ 0.22460335 -0.22873406 -0.36872184  0.24697852  0.10788638],[-1.32194646  1.16665854  0.86062034 -0.29221894  0.038289  ],[-1.24411854  0.84753499  0.97381469 -1.06681624  0.39335366],[-1.21215487  1.15508664  1.28501755 -0.69224724  0.487001  ],[-0.89377116  1.10973703  1.31246467 -0.64424087 -0.85498436],[-0.76154313  0.77497947  0.6057169   0.03240217 -0.37144145],[-0.76154313  0.77497947  0.6057169   0.03240217 -0.37144145],[-1.1955643   1.04055512  0.92631685 -0.66771906  0.50591896],[-0.83767576  0.6207806   0.93105083 -0.58977299 -0.41685841],[-1.04072752  0.84102977  1.17508688 -0.5573938  -0.81570078],[-1.1010938   1.22226547  1.11018618 -0.41706153  0.05750553],[-1.14301123  1.10235308  1.56167487 -0.14718664  0.6251744 ],[-0.62693504  0.31564719  0.85956686 -0.70749434 -0.82159518],[-0.63916015  1.29223435  1.51159928 -0.13584739 -0.05064667],
[-0.76154313  0.77497947  0.6057169   0.03240217 -0.37144145],[-0.88411072  0.81651713  0.93710467 -0.84788666 -0.01366698],[-1.14301123  1.10235308  1.56167487 -0.14718664  0.6251744 ],[-1.05962526  0.72613661  0.65932673 -0.70942099  0.25297132],[-0.66120203  0.3466505   0.29790172  0.21414154  0.13093592],[-0.70882417  0.66755492  0.39691686 -0.15784171 -0.21917682],[ 0.22460335 -0.22873406 -0.36872184  0.24697852  0.10788638],[-1.32194646  1.16665854  0.86062034 -0.29221894  0.038289  ],[-1.24411854  0.84753499  0.97381469 -1.06681624  0.39335366],[-1.21215487  1.15508664  1.28501755 -0.69224724  0.487001  ],[-0.89377116  1.10973703  1.31246467 -0.64424087 -0.85498436],[-0.76154313  0.77497947  0.6057169   0.03240217 -0.37144145],[-0.76154313  0.77497947  0.6057169   0.03240217 -0.37144145],[-1.1955643   1.04055512  0.92631685 -0.66771906  0.50591896],[-0.83767576  0.6207806   0.93105083 -0.58977299 -0.41685841],[-1.04072752  0.84102977  1.17508688 -0.5573938  -0.81570078],[-1.1010938   1.22226547  1.11018618 -0.41706153  0.05750553],[-1.14301123  1.10235308  1.56167487 -0.14718664  0.6251744 ],[-0.62693504  0.31564719  0.85956686 -0.70749434 -0.82159518],[-0.63916015  1.29223435  1.51159928 -0.13584739 -0.05064667],[-0.43768172  0.75126128  0.79372499 -0.20790831  0.38762056],
[-0.76154313  0.77497947  0.6057169   0.03240217 -0.37144145],[-1.14301123  1.10235308  1.56167487 -0.14718664  0.6251744 ],[-1.05962526  0.72613661  0.65932673 -0.70942099  0.25297132],[-0.66120203  0.3466505   0.29790172  0.21414154  0.13093592],[-0.70882417  0.66755492  0.39691686 -0.15784171 -0.21917682],[ 0.22460335 -0.22873406 -0.36872184  0.24697852  0.10788638],[-1.32194646  1.16665854  0.86062034 -0.29221894  0.038289  ],[-1.24411854  0.84753499  0.97381469 -1.06681624  0.39335366],[-1.21215487  1.15508664  1.28501755 -0.69224724  0.487001  ],[-0.89377116  1.10973703  1.31246467 -0.64424087 -0.85498436],[-0.76154313  0.77497947  0.6057169   0.03240217 -0.37144145],[-0.76154313  0.77497947  0.6057169   0.03240217 -0.37144145],[-1.1955643   1.04055512  0.92631685 -0.66771906  0.50591896],[-0.83767576  0.6207806   0.93105083 -0.58977299 -0.41685841],[-1.04072752  0.84102977  1.17508688 -0.5573938  -0.81570078],[-1.1010938   1.22226547  1.11018618 -0.41706153  0.05750553],[-1.14301123  1.10235308  1.56167487 -0.14718664  0.6251744 ],[-0.62693504  0.31564719  0.85956686 -0.70749434 -0.82159518],[-0.63916015  1.29223435  1.51159928 -0.13584739 -0.05064667],[-0.43768172  0.75126128  0.79372499 -0.20790831  0.38762056],[-1.31718255  1.16483996  1.0528161  -0.61431422 -0.03842137],

